0.000000000000000000e+00
5.666666664183139801e-03
1.133333332836627960e-02
1.700000092387199402e-02
2.266666665673255920e-02
2.833333425223827362e-02
3.400000184774398804e-02
3.966666758060455322e-02
4.533333331346511841e-02
5.099999904632568359e-02
5.666666850447654724e-02
6.233333423733711243e-02
6.800000369548797607e-02
7.366666942834854126e-02
7.933333516120910645e-02
8.500000089406967163e-02
9.066666662693023682e-02
9.633333235979080200e-02
1.019999980926513672e-01
1.076666638255119324e-01
1.133333370089530945e-01
1.190000027418136597e-01
1.246666684746742249e-01
1.303333342075347900e-01
1.360000073909759521e-01
1.416666656732559204e-01
1.473333388566970825e-01
1.529999971389770508e-01
1.586666703224182129e-01
1.643333286046981812e-01
1.700000017881393433e-01
1.756666600704193115e-01
1.813333332538604736e-01
1.870000064373016357e-01
1.926666647195816040e-01
1.983333379030227661e-01
2.039999961853027344e-01
2.096666693687438965e-01
2.153333276510238647e-01
2.210000008344650269e-01
2.266666740179061890e-01
2.323333323001861572e-01
2.380000054836273193e-01
2.436666637659072876e-01
2.493333369493484497e-01
2.549999952316284180e-01
2.606666684150695801e-01
2.663333415985107422e-01
2.720000147819519043e-01
2.776666581630706787e-01
2.833333313465118408e-01
2.890000045299530029e-01
2.946666777133941650e-01
3.003333210945129395e-01
3.059999942779541016e-01
3.116666674613952637e-01
3.173333406448364258e-01
3.230000138282775879e-01
3.286666572093963623e-01
3.343333303928375244e-01
3.400000035762786865e-01
3.456666767597198486e-01
3.513333201408386230e-01
3.569999933242797852e-01
3.626666665077209473e-01
3.683333396911621094e-01
3.740000128746032715e-01
3.796666562557220459e-01
3.853333294391632080e-01
3.910000026226043701e-01
3.966666758060455322e-01
4.023333191871643066e-01
4.079999923706054688e-01
4.136666655540466309e-01
4.193333387374877930e-01
4.250000119209289551e-01
4.306666553020477295e-01
4.363333284854888916e-01
4.420000016689300537e-01
4.476666748523712158e-01
4.533333480358123779e-01
4.589999914169311523e-01
4.646666646003723145e-01
4.703333377838134766e-01
4.760000109672546387e-01
4.816666543483734131e-01
4.873333275318145752e-01
4.930000007152557373e-01
4.986666738986968994e-01
5.043333172798156738e-01
5.099999904632568359e-01
5.156666636466979980e-01
5.213333368301391602e-01
5.270000100135803223e-01
5.326666831970214844e-01
5.383333563804626465e-01
5.440000295639038086e-01
5.496666431427001953e-01
5.553333163261413574e-01
5.609999895095825195e-01
5.666666626930236816e-01
5.723333358764648438e-01
5.780000090599060059e-01
5.836666822433471680e-01
5.893333554267883301e-01
5.950000286102294922e-01
6.006666421890258789e-01
6.063333153724670410e-01
6.119999885559082031e-01
6.176666617393493652e-01
6.233333349227905273e-01
6.290000081062316895e-01
6.346666812896728516e-01
6.403333544731140137e-01
6.460000276565551758e-01
6.516666412353515625e-01
6.573333144187927246e-01
6.629999876022338867e-01
6.686666607856750488e-01
6.743333339691162109e-01
6.800000071525573730e-01
6.856666803359985352e-01
6.913333535194396973e-01
6.970000267028808594e-01
7.026666402816772461e-01
7.083333134651184082e-01
7.139999866485595703e-01
7.196666598320007324e-01
7.253333330154418945e-01
7.310000061988830566e-01
7.366666793823242188e-01
7.423333525657653809e-01
7.480000257492065430e-01
7.536666393280029297e-01
7.593333125114440918e-01
7.649999856948852539e-01
7.706666588783264160e-01
7.763333320617675781e-01
7.820000052452087402e-01
7.876666784286499023e-01
7.933333516120910645e-01
7.990000247955322266e-01
8.046666383743286133e-01
8.103333115577697754e-01
8.159999847412109375e-01
8.216666579246520996e-01
8.273333311080932617e-01
8.330000042915344238e-01
8.386666774749755859e-01
8.443333506584167480e-01
8.500000238418579102e-01
8.556666374206542969e-01
8.613333106040954590e-01
8.669999837875366211e-01
8.726666569709777832e-01
8.783333301544189453e-01
8.840000033378601074e-01
8.896666765213012695e-01
8.953333497047424316e-01
9.010000228881835938e-01
9.066666960716247559e-01
9.123333096504211426e-01
9.179999828338623047e-01
9.236666560173034668e-01
9.293333292007446289e-01
9.350000023841857910e-01
9.406666755676269531e-01
9.463333487510681152e-01
9.520000219345092773e-01
9.576666951179504395e-01
9.633333086967468262e-01
9.689999818801879883e-01
9.746666550636291504e-01
9.803333282470703125e-01
9.860000014305114746e-01
9.916666746139526367e-01
9.973333477973937988e-01
3.599999938160181046e-03
1.040000002831220627e-02
1.720000058412551880e-02
2.400000020861625671e-02
3.079999983310699463e-02
3.759999945759773254e-02
4.439999908208847046e-02
5.119999870657920837e-02
5.799999833106994629e-02
6.480000168085098267e-02
7.159999758005142212e-02
7.840000092983245850e-02
8.519999682903289795e-02
9.200000017881393433e-02
9.880000352859497070e-02
1.055999994277954102e-01
1.124000027775764465e-01
1.191999986767768860e-01
1.260000020265579224e-01
1.327999979257583618e-01
1.395999938249588013e-01
1.464000046253204346e-01
1.532000005245208740e-01
1.599999964237213135e-01
1.668000072240829468e-01
1.736000031232833862e-01
1.803999990224838257e-01
1.871999949216842651e-01
1.940000057220458984e-01
2.008000016212463379e-01
2.075999975204467773e-01
2.143999934196472168e-01
2.212000042200088501e-01
2.280000001192092896e-01
2.347999960184097290e-01
2.416000068187713623e-01
2.484000027179718018e-01
2.551999986171722412e-01
2.619999945163726807e-01
2.687999904155731201e-01
2.755999863147735596e-01
2.824000120162963867e-01
2.892000079154968262e-01
2.960000038146972656e-01
3.027999997138977051e-01
3.095999956130981445e-01
3.163999915122985840e-01
3.231999874114990234e-01
3.300000131130218506e-01
3.368000090122222900e-01
3.436000049114227295e-01
3.504000008106231689e-01
3.571999967098236084e-01
3.639999926090240479e-01
3.707999885082244873e-01
3.776000142097473145e-01
3.844000101089477539e-01
3.912000060081481934e-01
3.980000019073486328e-01
4.047999978065490723e-01
4.115999937057495117e-01
4.183999896049499512e-01
4.251999855041503906e-01
4.320000112056732178e-01
4.388000071048736572e-01
4.456000030040740967e-01
4.523999989032745361e-01
4.591999948024749756e-01
4.659999907016754150e-01
4.727999866008758545e-01
4.796000123023986816e-01
4.864000082015991211e-01
4.932000041007995605e-01
5.000000000000000000e-01
5.067999958992004395e-01
5.135999917984008789e-01
5.203999876976013184e-01
5.271999835968017578e-01
5.339999794960021973e-01
5.407999753952026367e-01
5.475999712944030762e-01
5.544000267982482910e-01
5.612000226974487305e-01
5.680000185966491699e-01
5.748000144958496094e-01
5.816000103950500488e-01
5.884000062942504883e-01
5.952000021934509277e-01
6.019999980926513672e-01
6.087999939918518066e-01
6.155999898910522461e-01
6.223999857902526855e-01
6.291999816894531250e-01
6.359999775886535645e-01
6.427999734878540039e-01
6.496000289916992188e-01
6.564000248908996582e-01
6.632000207901000977e-01
6.700000166893005371e-01
6.768000125885009766e-01
6.836000084877014160e-01
6.904000043869018555e-01
6.972000002861022949e-01
7.039999961853027344e-01
7.107999920845031738e-01
7.175999879837036133e-01
7.243999838829040527e-01
7.311999797821044922e-01
7.379999756813049316e-01
7.447999715805053711e-01
7.516000270843505859e-01
7.584000229835510254e-01
7.652000188827514648e-01
7.720000147819519043e-01
7.788000106811523438e-01
7.856000065803527832e-01
7.924000024795532227e-01
7.991999983787536621e-01
8.059999942779541016e-01
8.127999901771545410e-01
8.195999860763549805e-01
8.263999819755554199e-01
8.331999778747558594e-01
8.399999737739562988e-01
8.468000292778015137e-01
8.536000251770019531e-01
8.604000210762023926e-01
8.672000169754028320e-01
8.740000128746032715e-01
8.808000087738037109e-01
8.876000046730041504e-01
8.944000005722045898e-01
9.011999964714050293e-01
9.079999923706054688e-01
9.147999882698059082e-01
9.215999841690063477e-01
9.283999800682067871e-01
9.351999759674072266e-01
9.419999718666076660e-01
9.488000273704528809e-01
9.556000232696533203e-01
9.624000191688537598e-01
9.692000150680541992e-01
9.760000109672546387e-01
9.828000068664550781e-01
9.896000027656555176e-01
9.963999986648559570e-01
4.000000189989805222e-03
1.250000018626451492e-02
2.099999971687793732e-02
2.950000017881393433e-02
3.799999877810478210e-02
4.650000110268592834e-02
5.499999970197677612e-02
6.350000202655792236e-02
7.199999690055847168e-02
8.049999922513961792e-02
8.900000154972076416e-02
9.749999642372131348e-02
1.059999987483024597e-01
1.145000010728836060e-01
1.230000033974647522e-01
1.315000057220458984e-01
1.400000005960464478e-01
1.484999954700469971e-01
1.570000052452087402e-01
1.655000001192092896e-01
1.739999949932098389e-01
1.825000047683715820e-01
1.909999996423721313e-01
1.994999945163726807e-01
2.080000042915344238e-01
2.164999991655349731e-01
2.249999940395355225e-01
2.335000038146972656e-01
2.419999986886978149e-01
2.504999935626983643e-01
2.590000033378601074e-01
2.675000131130218506e-01
2.759999930858612061e-01
2.845000028610229492e-01
2.930000126361846924e-01
3.014999926090240479e-01
3.100000023841857910e-01
3.185000121593475342e-01
3.269999921321868896e-01
3.355000019073486328e-01
3.440000116825103760e-01
3.524999916553497314e-01
3.610000014305114746e-01
3.695000112056732178e-01
3.779999911785125732e-01
3.865000009536743164e-01
3.950000107288360596e-01
4.034999907016754150e-01
4.120000004768371582e-01
4.205000102519989014e-01
4.289999902248382568e-01
4.375000000000000000e-01
4.460000097751617432e-01
4.544999897480010986e-01
4.629999995231628418e-01
4.715000092983245850e-01
4.799999892711639404e-01
4.884999990463256836e-01
4.970000088214874268e-01
5.055000185966491699e-01
5.139999985694885254e-01
5.224999785423278809e-01
5.310000181198120117e-01
5.394999980926513672e-01
5.479999780654907227e-01
5.565000176429748535e-01
5.649999976158142090e-01
5.734999775886535645e-01
5.820000171661376953e-01
5.904999971389770508e-01
5.989999771118164062e-01
6.075000166893005371e-01
6.159999966621398926e-01
6.244999766349792480e-01
6.330000162124633789e-01
6.414999961853027344e-01
6.499999761581420898e-01
6.585000157356262207e-01
6.669999957084655762e-01
6.754999756813049316e-01
6.840000152587890625e-01
6.924999952316284180e-01
7.009999752044677734e-01
7.095000147819519043e-01
7.179999947547912598e-01
7.264999747276306152e-01
7.350000143051147461e-01
7.434999942779541016e-01
7.519999742507934570e-01
7.605000138282775879e-01
7.689999938011169434e-01
7.774999737739562988e-01
7.860000133514404297e-01
7.944999933242797852e-01
8.029999732971191406e-01
8.115000128746032715e-01
8.199999928474426270e-01
8.284999728202819824e-01
8.370000123977661133e-01
8.454999923706054688e-01
8.539999723434448242e-01
8.625000119209289551e-01
8.709999918937683105e-01
8.794999718666076660e-01
8.880000114440917969e-01
8.964999914169311523e-01
9.049999713897705078e-01
9.135000109672546387e-01
9.219999909400939941e-01
9.304999709129333496e-01
9.390000104904174805e-01
9.474999904632568359e-01
9.559999704360961914e-01
9.645000100135803223e-01
9.729999899864196777e-01
9.815000295639038086e-01
9.900000095367431641e-01
9.984999895095825195e-01
7.000000216066837311e-03
1.549999974668025970e-02
2.400000020861625671e-02
3.249999880790710449e-02
4.100000113248825073e-02
4.949999973177909851e-02
5.799999833106994629e-02
6.650000065565109253e-02
7.500000298023223877e-02
8.349999785423278809e-02
9.200000017881393433e-02
1.005000025033950806e-01
1.089999973773956299e-01
1.174999997019767761e-01
1.260000020265579224e-01
1.344999969005584717e-01
1.430000066757202148e-01
1.515000015497207642e-01
1.599999964237213135e-01
1.685000061988830566e-01
1.770000010728836060e-01
1.854999959468841553e-01
1.940000057220458984e-01
2.025000005960464478e-01
2.109999954700469971e-01
2.195000052452087402e-01
2.280000001192092896e-01
2.364999949932098389e-01
2.450000047683715820e-01
2.535000145435333252e-01
2.619999945163726807e-01
2.705000042915344238e-01
2.790000140666961670e-01
2.874999940395355225e-01
2.960000038146972656e-01
3.045000135898590088e-01
3.129999935626983643e-01
3.215000033378601074e-01
3.300000131130218506e-01
3.384999930858612061e-01
3.470000028610229492e-01
3.555000126361846924e-01
3.639999926090240479e-01
3.725000023841857910e-01
3.810000121593475342e-01
3.894999921321868896e-01
3.980000019073486328e-01
4.065000116825103760e-01
4.149999916553497314e-01
4.235000014305114746e-01
4.320000112056732178e-01
4.404999911785125732e-01
4.490000009536743164e-01
4.575000107288360596e-01
4.659999907016754150e-01
4.745000004768371582e-01
4.830000102519989014e-01
4.914999902248382568e-01
5.000000000000000000e-01
5.084999799728393555e-01
5.170000195503234863e-01
5.254999995231628418e-01
5.339999794960021973e-01
5.425000190734863281e-01
5.509999990463256836e-01
5.594999790191650391e-01
5.680000185966491699e-01
5.764999985694885254e-01
5.849999785423278809e-01
5.935000181198120117e-01
6.019999980926513672e-01
6.104999780654907227e-01
6.190000176429748535e-01
6.274999976158142090e-01
6.359999775886535645e-01
6.445000171661376953e-01
6.529999971389770508e-01
6.614999771118164062e-01
6.700000166893005371e-01
6.784999966621398926e-01
6.869999766349792480e-01
6.955000162124633789e-01
7.039999961853027344e-01
7.124999761581420898e-01
7.210000157356262207e-01
7.294999957084655762e-01
7.379999756813049316e-01
7.465000152587890625e-01
7.549999952316284180e-01
7.634999752044677734e-01
7.720000147819519043e-01
7.804999947547912598e-01
7.889999747276306152e-01
7.975000143051147461e-01
8.059999942779541016e-01
8.144999742507934570e-01
8.230000138282775879e-01
8.314999938011169434e-01
8.399999737739562988e-01
8.485000133514404297e-01
8.569999933242797852e-01
8.654999732971191406e-01
8.740000128746032715e-01
8.824999928474426270e-01
8.909999728202819824e-01
8.995000123977661133e-01
9.079999923706054688e-01
9.164999723434448242e-01
9.250000119209289551e-01
9.334999918937683105e-01
9.419999718666076660e-01
9.505000114440917969e-01
9.589999914169311523e-01
9.674999713897705078e-01
9.760000109672546387e-01
9.844999909400939941e-01
9.929999709129333496e-01
1.500000013038516045e-03
9.999999776482582092e-03
1.850000023841857910e-02
2.700000070035457611e-02
3.550000116229057312e-02
4.399999976158142090e-02
5.249999836087226868e-02
6.100000068545341492e-02
6.949999928474426270e-02
7.800000160932540894e-02
8.649999648332595825e-02
9.499999880790710449e-02
1.035000011324882507e-01
1.120000034570693970e-01
1.204999983310699463e-01
1.289999932050704956e-01
1.375000029802322388e-01
1.459999978542327881e-01
1.544999927282333374e-01
1.630000025033950806e-01
1.714999973773956299e-01
1.800000071525573730e-01
1.885000020265579224e-01
1.969999969005584717e-01
2.055000066757202148e-01
2.140000015497207642e-01
2.224999964237213135e-01
2.310000061988830566e-01
2.395000010728836060e-01
2.479999959468841553e-01
2.565000057220458984e-01
2.649999856948852539e-01
2.734999954700469971e-01
2.820000052452087402e-01
2.904999852180480957e-01
2.989999949932098389e-01
3.075000047683715820e-01
3.160000145435333252e-01
3.244999945163726807e-01
3.330000042915344238e-01
3.415000140666961670e-01
3.499999940395355225e-01
3.585000038146972656e-01
3.670000135898590088e-01
3.754999935626983643e-01
3.840000033378601074e-01
3.925000131130218506e-01
4.009999930858612061e-01
4.095000028610229492e-01
4.180000126361846924e-01
4.264999926090240479e-01
4.350000023841857910e-01
4.435000121593475342e-01
4.519999921321868896e-01
4.605000019073486328e-01
4.690000116825103760e-01
4.774999916553497314e-01
4.860000014305114746e-01
4.945000112056732178e-01
5.030000209808349609e-01
5.115000009536743164e-01
5.199999809265136719e-01
5.285000205039978027e-01
5.370000004768371582e-01
5.454999804496765137e-01
5.540000200271606445e-01
5.625000000000000000e-01
5.709999799728393555e-01
5.795000195503234863e-01
5.879999995231628418e-01
5.964999794960021973e-01
6.050000190734863281e-01
6.134999990463256836e-01
6.219999790191650391e-01
6.305000185966491699e-01
6.389999985694885254e-01
6.474999785423278809e-01
6.560000181198120117e-01
6.644999980926513672e-01
6.729999780654907227e-01
6.815000176429748535e-01
6.899999976158142090e-01
6.984999775886535645e-01
7.070000171661376953e-01
7.154999971389770508e-01
7.239999771118164062e-01
7.325000166893005371e-01
7.409999966621398926e-01
7.494999766349792480e-01
7.580000162124633789e-01
7.664999961853027344e-01
7.749999761581420898e-01
7.835000157356262207e-01
7.919999957084655762e-01
8.004999756813049316e-01
8.090000152587890625e-01
8.174999952316284180e-01
8.259999752044677734e-01
8.345000147819519043e-01
8.429999947547912598e-01
8.514999747276306152e-01
8.600000143051147461e-01
8.684999942779541016e-01
8.769999742507934570e-01
8.855000138282775879e-01
8.939999938011169434e-01
9.024999737739562988e-01
9.110000133514404297e-01
9.194999933242797852e-01
9.279999732971191406e-01
9.365000128746032715e-01
9.449999928474426270e-01
9.534999728202819824e-01
9.620000123977661133e-01
9.704999923706054688e-01
9.789999723434448242e-01
9.875000119209289551e-01
9.959999918937683105e-01
3.599999938160181046e-03
1.040000002831220627e-02
1.720000058412551880e-02
2.400000020861625671e-02
3.079999983310699463e-02
3.759999945759773254e-02
4.439999908208847046e-02
5.119999870657920837e-02
5.799999833106994629e-02
6.480000168085098267e-02
7.159999758005142212e-02
7.840000092983245850e-02
8.519999682903289795e-02
9.200000017881393433e-02
9.880000352859497070e-02
1.055999994277954102e-01
1.124000027775764465e-01
1.191999986767768860e-01
1.260000020265579224e-01
1.327999979257583618e-01
1.395999938249588013e-01
1.464000046253204346e-01
1.532000005245208740e-01
1.599999964237213135e-01
1.668000072240829468e-01
1.736000031232833862e-01
1.803999990224838257e-01
1.871999949216842651e-01
1.940000057220458984e-01
2.008000016212463379e-01
2.075999975204467773e-01
2.143999934196472168e-01
2.212000042200088501e-01
2.280000001192092896e-01
2.347999960184097290e-01
2.416000068187713623e-01
2.484000027179718018e-01
2.551999986171722412e-01
2.619999945163726807e-01
2.687999904155731201e-01
2.755999863147735596e-01
2.824000120162963867e-01
2.892000079154968262e-01
2.960000038146972656e-01
3.027999997138977051e-01
3.095999956130981445e-01
3.163999915122985840e-01
3.231999874114990234e-01
3.300000131130218506e-01
3.368000090122222900e-01
3.436000049114227295e-01
3.504000008106231689e-01
3.571999967098236084e-01
3.639999926090240479e-01
3.707999885082244873e-01
3.776000142097473145e-01
3.844000101089477539e-01
3.912000060081481934e-01
3.980000019073486328e-01
4.047999978065490723e-01
4.115999937057495117e-01
4.183999896049499512e-01
4.251999855041503906e-01
4.320000112056732178e-01
4.388000071048736572e-01
4.456000030040740967e-01
4.523999989032745361e-01
4.591999948024749756e-01
4.659999907016754150e-01
4.727999866008758545e-01
4.796000123023986816e-01
4.864000082015991211e-01
4.932000041007995605e-01
5.000000000000000000e-01
5.067999958992004395e-01
5.135999917984008789e-01
5.203999876976013184e-01
5.271999835968017578e-01
5.339999794960021973e-01
5.407999753952026367e-01
5.475999712944030762e-01
5.544000267982482910e-01
5.612000226974487305e-01
5.680000185966491699e-01
5.748000144958496094e-01
5.816000103950500488e-01
5.884000062942504883e-01
5.952000021934509277e-01
6.019999980926513672e-01
6.087999939918518066e-01
6.155999898910522461e-01
6.223999857902526855e-01
6.291999816894531250e-01
6.359999775886535645e-01
6.427999734878540039e-01
6.496000289916992188e-01
6.564000248908996582e-01
6.632000207901000977e-01
6.700000166893005371e-01
6.768000125885009766e-01
6.836000084877014160e-01
6.904000043869018555e-01
6.972000002861022949e-01
7.039999961853027344e-01
7.107999920845031738e-01
7.175999879837036133e-01
7.243999838829040527e-01
7.311999797821044922e-01
7.379999756813049316e-01
7.447999715805053711e-01
7.516000270843505859e-01
7.584000229835510254e-01
7.652000188827514648e-01
7.720000147819519043e-01
7.788000106811523438e-01
7.856000065803527832e-01
7.924000024795532227e-01
7.991999983787536621e-01
8.059999942779541016e-01
8.127999901771545410e-01
8.195999860763549805e-01
8.263999819755554199e-01
8.331999778747558594e-01
8.399999737739562988e-01
8.468000292778015137e-01
8.536000251770019531e-01
8.604000210762023926e-01
8.672000169754028320e-01
8.740000128746032715e-01
8.808000087738037109e-01
8.876000046730041504e-01
8.944000005722045898e-01
9.011999964714050293e-01
9.079999923706054688e-01
9.147999882698059082e-01
9.215999841690063477e-01
9.283999800682067871e-01
9.351999759674072266e-01
9.419999718666076660e-01
9.488000273704528809e-01
9.556000232696533203e-01
9.624000191688537598e-01
9.692000150680541992e-01
9.760000109672546387e-01
9.828000068664550781e-01
9.896000027656555176e-01
9.963999986648559570e-01
2.666666638106107712e-03
8.333333767950534821e-03
1.400000043213367462e-02
1.966666616499423981e-02
2.533333376049995422e-02
3.099999949336051941e-02
3.666666522622108459e-02
4.233333468437194824e-02
4.800000041723251343e-02
5.366666615009307861e-02
5.933333188295364380e-02
6.499999761581420898e-02
7.066666334867477417e-02
7.633333653211593628e-02
8.200000226497650146e-02
8.766666799783706665e-02
9.333333373069763184e-02
9.899999946355819702e-02
1.046666651964187622e-01
1.103333309292793274e-01
1.159999966621398926e-01
1.216666698455810547e-01
1.273333281278610229e-01
1.330000013113021851e-01
1.386666595935821533e-01
1.443333327770233154e-01
1.500000059604644775e-01
1.556666642427444458e-01
1.613333374261856079e-01
1.669999957084655762e-01
1.726666688919067383e-01
1.783333271741867065e-01
1.840000003576278687e-01
1.896666735410690308e-01
1.953333318233489990e-01
2.010000050067901611e-01
2.066666632890701294e-01
2.123333364725112915e-01
2.179999947547912598e-01
2.236666679382324219e-01
2.293333262205123901e-01
2.349999994039535522e-01
2.406666725873947144e-01
2.463333308696746826e-01
2.520000040531158447e-01
2.576666772365570068e-01
2.633333206176757812e-01
2.689999938011169434e-01
2.746666669845581055e-01
2.803333401679992676e-01
2.860000133514404297e-01
2.916666567325592041e-01
2.973333299160003662e-01
3.030000030994415283e-01
3.086666762828826904e-01
3.143333196640014648e-01
3.199999928474426270e-01
3.256666660308837891e-01
3.313333392143249512e-01
3.370000123977661133e-01
3.426666557788848877e-01
3.483333289623260498e-01
3.540000021457672119e-01
3.596666753292083740e-01
3.653333187103271484e-01
3.709999918937683105e-01
3.766666650772094727e-01
3.823333382606506348e-01
3.880000114440917969e-01
3.936666548252105713e-01
3.993333280086517334e-01
4.050000011920928955e-01
4.106666743755340576e-01
4.163333475589752197e-01
4.219999909400939941e-01
4.276666641235351562e-01
4.333333373069763184e-01
4.390000104904174805e-01
4.446666538715362549e-01
4.503333270549774170e-01
4.560000002384185791e-01
4.616666734218597412e-01
4.673333466053009033e-01
4.729999899864196777e-01
4.786666631698608398e-01
4.843333363533020020e-01
4.900000095367431641e-01
4.956666529178619385e-01
5.013333559036254883e-01
5.070000290870666504e-01
5.126666426658630371e-01
5.183333158493041992e-01
5.239999890327453613e-01
5.296666622161865234e-01
5.353333353996276855e-01
5.410000085830688477e-01
5.466666817665100098e-01
5.523333549499511719e-01
5.580000281333923340e-01
5.636666417121887207e-01
5.693333148956298828e-01
5.749999880790710449e-01
5.806666612625122070e-01
5.863333344459533691e-01
5.920000076293945312e-01
5.976666808128356934e-01
6.033333539962768555e-01
6.090000271797180176e-01
6.146666407585144043e-01
6.203333139419555664e-01
6.259999871253967285e-01
6.316666603088378906e-01
6.373333334922790527e-01
6.430000066757202148e-01
6.486666798591613770e-01
6.543333530426025391e-01
6.600000262260437012e-01
6.656666398048400879e-01
6.713333129882812500e-01
6.769999861717224121e-01
6.826666593551635742e-01
6.883333325386047363e-01
6.940000057220458984e-01
6.996666789054870605e-01
7.053333520889282227e-01
7.110000252723693848e-01
7.166666388511657715e-01
7.223333120346069336e-01
7.279999852180480957e-01
7.336666584014892578e-01
7.393333315849304199e-01
7.450000047683715820e-01
7.506666779518127441e-01
7.563333511352539062e-01
7.620000243186950684e-01
7.676666378974914551e-01
7.733333110809326172e-01
7.789999842643737793e-01
7.846666574478149414e-01
7.903333306312561035e-01
7.960000038146972656e-01
8.016666769981384277e-01
8.073333501815795898e-01
8.130000233650207520e-01
8.186666369438171387e-01
8.243333101272583008e-01
8.299999833106994629e-01
8.356666564941406250e-01
8.413333296775817871e-01
8.470000028610229492e-01
8.526666760444641113e-01
8.583333492279052734e-01
8.640000224113464355e-01
8.696666955947875977e-01
8.753333091735839844e-01
8.809999823570251465e-01
8.866666555404663086e-01
8.923333287239074707e-01
8.980000019073486328e-01
9.036666750907897949e-01
9.093333482742309570e-01
9.150000214576721191e-01
9.206666946411132812e-01
9.263333082199096680e-01
9.319999814033508301e-01
9.376666545867919922e-01
9.433333277702331543e-01
9.490000009536743164e-01
9.546666741371154785e-01
9.603333473205566406e-01
9.660000205039978027e-01
9.716666936874389648e-01
9.773333072662353516e-01
9.829999804496765137e-01
9.886666536331176758e-01
9.943333268165588379e-01
1.000000000000000000e+00
