0.000000000000000000e+00
7.499999832361936569e-03
1.499999966472387314e-02
2.250000089406967163e-02
2.999999932944774628e-02
3.750000149011611938e-02
4.500000178813934326e-02
5.249999836087226868e-02
5.999999865889549255e-02
6.750000268220901489e-02
7.500000298023223877e-02
8.250000327825546265e-02
9.000000357627868652e-02
9.749999642372131348e-02
1.049999967217445374e-01
1.124999970197677612e-01
1.199999973177909851e-01
1.274999976158142090e-01
1.350000053644180298e-01
1.424999982118606567e-01
1.500000059604644775e-01
1.574999988079071045e-01
1.650000065565109253e-01
1.724999994039535522e-01
1.800000071525573730e-01
1.875000000000000000e-01
1.949999928474426270e-01
2.025000005960464478e-01
2.099999934434890747e-01
2.175000011920928955e-01
2.249999940395355225e-01
2.325000017881393433e-01
2.399999946355819702e-01
2.475000023841857910e-01
2.549999952316284180e-01
2.624999880790710449e-01
2.700000107288360596e-01
2.775000035762786865e-01
2.849999964237213135e-01
2.924999892711639404e-01
3.000000119209289551e-01
3.075000047683715820e-01
3.149999976158142090e-01
3.224999904632568359e-01
3.300000131130218506e-01
3.375000059604644775e-01
3.449999988079071045e-01
3.524999916553497314e-01
3.600000143051147461e-01
3.675000071525573730e-01
3.750000000000000000e-01
3.824999928474426270e-01
3.899999856948852539e-01
3.975000083446502686e-01
4.050000011920928955e-01
4.124999940395355225e-01
4.199999868869781494e-01
4.275000095367431641e-01
4.350000023841857910e-01
4.424999952316284180e-01
4.499999880790710449e-01
4.575000107288360596e-01
4.650000035762786865e-01
4.724999964237213135e-01
4.799999892711639404e-01
4.875000119209289551e-01
4.950000047683715820e-01
5.024999976158142090e-01
5.099999904632568359e-01
5.174999833106994629e-01
5.249999761581420898e-01
5.325000286102294922e-01
5.400000214576721191e-01
5.475000143051147461e-01
5.550000071525573730e-01
5.625000000000000000e-01
5.699999928474426270e-01
5.774999856948852539e-01
5.849999785423278809e-01
5.924999713897705078e-01
6.000000238418579102e-01
6.075000166893005371e-01
6.150000095367431641e-01
6.225000023841857910e-01
6.299999952316284180e-01
6.374999880790710449e-01
6.449999809265136719e-01
6.524999737739562988e-01
6.600000262260437012e-01
6.675000190734863281e-01
6.750000119209289551e-01
6.825000047683715820e-01
6.899999976158142090e-01
6.974999904632568359e-01
7.049999833106994629e-01
7.124999761581420898e-01
7.200000286102294922e-01
7.275000214576721191e-01
7.350000143051147461e-01
7.425000071525573730e-01
7.500000000000000000e-01
7.574999928474426270e-01
7.649999856948852539e-01
7.724999785423278809e-01
7.799999713897705078e-01
7.875000238418579102e-01
7.950000166893005371e-01
8.025000095367431641e-01
8.100000023841857910e-01
8.174999952316284180e-01
8.249999880790710449e-01
8.324999809265136719e-01
8.399999737739562988e-01
8.475000262260437012e-01
8.550000190734863281e-01
8.625000119209289551e-01
8.700000047683715820e-01
8.774999976158142090e-01
8.849999904632568359e-01
8.924999833106994629e-01
8.999999761581420898e-01
9.075000286102294922e-01
9.150000214576721191e-01
9.225000143051147461e-01
9.300000071525573730e-01
9.375000000000000000e-01
9.449999928474426270e-01
9.524999856948852539e-01
9.599999785423278809e-01
9.674999713897705078e-01
9.750000238418579102e-01
9.825000166893005371e-01
9.900000095367431641e-01
9.975000023841857910e-01
9.999999776482582092e-03
2.500000037252902985e-02
3.999999910593032837e-02
5.499999970197677612e-02
7.000000029802322388e-02
8.500000089406967163e-02
1.000000014901161194e-01
1.150000020861625671e-01
1.299999952316284180e-01
1.449999958276748657e-01
1.599999964237213135e-01
1.749999970197677612e-01
1.899999976158142090e-01
2.049999982118606567e-01
2.199999988079071045e-01
2.349999994039535522e-01
2.500000000000000000e-01
2.649999856948852539e-01
2.800000011920928955e-01
2.949999868869781494e-01
3.100000023841857910e-01
3.249999880790710449e-01
3.400000035762786865e-01
3.549999892711639404e-01
3.700000047683715820e-01
3.849999904632568359e-01
4.000000059604644775e-01
4.149999916553497314e-01
4.300000071525573730e-01
4.449999928474426270e-01
4.600000083446502686e-01
4.749999940395355225e-01
4.900000095367431641e-01
5.049999952316284180e-01
5.199999809265136719e-01
5.350000262260437012e-01
5.500000119209289551e-01
5.649999976158142090e-01
5.799999833106994629e-01
5.950000286102294922e-01
6.100000143051147461e-01
6.250000000000000000e-01
6.399999856948852539e-01
6.549999713897705078e-01
6.700000166893005371e-01
6.850000023841857910e-01
6.999999880790710449e-01
7.149999737739562988e-01
7.300000190734863281e-01
7.450000047683715820e-01
7.599999904632568359e-01
7.749999761581420898e-01
7.900000214576721191e-01
8.050000071525573730e-01
8.199999928474426270e-01
8.349999785423278809e-01
8.500000238418579102e-01
8.650000095367431641e-01
8.799999952316284180e-01
8.949999809265136719e-01
9.100000262260437012e-01
9.250000119209289551e-01
9.399999976158142090e-01
9.549999833106994629e-01
9.700000286102294922e-01
9.850000143051147461e-01
1.000000000000000000e+00
1.499999966472387314e-02
2.999999932944774628e-02
4.500000178813934326e-02
5.999999865889549255e-02
7.500000298023223877e-02
9.000000357627868652e-02
1.049999967217445374e-01
1.199999973177909851e-01
1.350000053644180298e-01
1.500000059604644775e-01
1.650000065565109253e-01
1.800000071525573730e-01
1.949999928474426270e-01
2.099999934434890747e-01
2.249999940395355225e-01
2.399999946355819702e-01
2.549999952316284180e-01
2.700000107288360596e-01
2.849999964237213135e-01
3.000000119209289551e-01
3.149999976158142090e-01
3.300000131130218506e-01
3.449999988079071045e-01
3.600000143051147461e-01
3.750000000000000000e-01
3.899999856948852539e-01
4.050000011920928955e-01
4.199999868869781494e-01
4.350000023841857910e-01
4.499999880790710449e-01
4.650000035762786865e-01
4.799999892711639404e-01
4.950000047683715820e-01
5.099999904632568359e-01
5.249999761581420898e-01
5.400000214576721191e-01
5.550000071525573730e-01
5.699999928474426270e-01
5.849999785423278809e-01
6.000000238418579102e-01
6.150000095367431641e-01
6.299999952316284180e-01
6.449999809265136719e-01
6.600000262260437012e-01
6.750000119209289551e-01
6.899999976158142090e-01
7.049999833106994629e-01
7.200000286102294922e-01
7.350000143051147461e-01
7.500000000000000000e-01
7.649999856948852539e-01
7.799999713897705078e-01
7.950000166893005371e-01
8.100000023841857910e-01
8.249999880790710449e-01
8.399999737739562988e-01
8.550000190734863281e-01
8.700000047683715820e-01
8.849999904632568359e-01
8.999999761581420898e-01
9.150000214576721191e-01
9.300000071525573730e-01
9.449999928474426270e-01
9.599999785423278809e-01
9.750000238418579102e-01
9.900000095367431641e-01
4.999999888241291046e-03
1.999999955296516418e-02
3.500000014901161194e-02
5.000000074505805969e-02
6.499999761581420898e-02
7.999999821186065674e-02
9.499999880790710449e-02
1.099999994039535522e-01
1.250000000000000000e-01
1.400000005960464478e-01
1.550000011920928955e-01
1.700000017881393433e-01
1.850000023841857910e-01
2.000000029802322388e-01
2.150000035762786865e-01
2.300000041723251343e-01
2.450000047683715820e-01
2.599999904632568359e-01
2.750000059604644775e-01
2.899999916553497314e-01
3.050000071525573730e-01
3.199999928474426270e-01
3.350000083446502686e-01
3.499999940395355225e-01
3.650000095367431641e-01
3.799999952316284180e-01
3.950000107288360596e-01
4.099999964237213135e-01
4.250000119209289551e-01
4.399999976158142090e-01
4.550000131130218506e-01
4.699999988079071045e-01
4.850000143051147461e-01
5.000000000000000000e-01
5.149999856948852539e-01
5.299999713897705078e-01
5.450000166893005371e-01
5.600000023841857910e-01
5.749999880790710449e-01
5.899999737739562988e-01
6.050000190734863281e-01
6.200000047683715820e-01
6.349999904632568359e-01
6.499999761581420898e-01
6.650000214576721191e-01
6.800000071525573730e-01
6.949999928474426270e-01
7.099999785423278809e-01
7.250000238418579102e-01
7.400000095367431641e-01
7.549999952316284180e-01
7.699999809265136719e-01
7.850000262260437012e-01
8.000000119209289551e-01
8.149999976158142090e-01
8.299999833106994629e-01
8.450000286102294922e-01
8.600000143051147461e-01
8.750000000000000000e-01
8.899999856948852539e-01
9.049999713897705078e-01
9.200000166893005371e-01
9.350000023841857910e-01
9.499999880790710449e-01
9.649999737739562988e-01
9.800000190734863281e-01
9.950000047683715820e-01
9.999999776482582092e-03
2.500000037252902985e-02
3.999999910593032837e-02
5.499999970197677612e-02
7.000000029802322388e-02
8.500000089406967163e-02
1.000000014901161194e-01
1.150000020861625671e-01
1.299999952316284180e-01
1.449999958276748657e-01
1.599999964237213135e-01
1.749999970197677612e-01
1.899999976158142090e-01
2.049999982118606567e-01
2.199999988079071045e-01
2.349999994039535522e-01
2.500000000000000000e-01
2.649999856948852539e-01
2.800000011920928955e-01
2.949999868869781494e-01
3.100000023841857910e-01
3.249999880790710449e-01
3.400000035762786865e-01
3.549999892711639404e-01
3.700000047683715820e-01
3.849999904632568359e-01
4.000000059604644775e-01
4.149999916553497314e-01
4.300000071525573730e-01
4.449999928474426270e-01
4.600000083446502686e-01
4.749999940395355225e-01
4.900000095367431641e-01
5.049999952316284180e-01
5.199999809265136719e-01
5.350000262260437012e-01
5.500000119209289551e-01
5.649999976158142090e-01
5.799999833106994629e-01
5.950000286102294922e-01
6.100000143051147461e-01
6.250000000000000000e-01
6.399999856948852539e-01
6.549999713897705078e-01
6.700000166893005371e-01
6.850000023841857910e-01
6.999999880790710449e-01
7.149999737739562988e-01
7.300000190734863281e-01
7.450000047683715820e-01
7.599999904632568359e-01
7.749999761581420898e-01
7.900000214576721191e-01
8.050000071525573730e-01
8.199999928474426270e-01
8.349999785423278809e-01
8.500000238418579102e-01
8.650000095367431641e-01
8.799999952316284180e-01
8.949999809265136719e-01
9.100000262260437012e-01
9.250000119209289551e-01
9.399999976158142090e-01
9.549999833106994629e-01
9.700000286102294922e-01
9.850000143051147461e-01
1.000000000000000000e+00
2.999999932944774628e-02
5.999999865889549255e-02
9.000000357627868652e-02
1.199999973177909851e-01
1.500000059604644775e-01
1.800000071525573730e-01
2.099999934434890747e-01
2.399999946355819702e-01
2.700000107288360596e-01
3.000000119209289551e-01
3.300000131130218506e-01
3.600000143051147461e-01
3.899999856948852539e-01
4.199999868869781494e-01
4.499999880790710449e-01
4.799999892711639404e-01
5.099999904632568359e-01
5.400000214576721191e-01
5.699999928474426270e-01
6.000000238418579102e-01
6.299999952316284180e-01
6.600000262260437012e-01
6.899999976158142090e-01
7.200000286102294922e-01
7.500000000000000000e-01
7.799999713897705078e-01
8.100000023841857910e-01
8.399999737739562988e-01
8.700000047683715820e-01
8.999999761581420898e-01
9.300000071525573730e-01
9.599999785423278809e-01
9.900000095367431641e-01
1.999999955296516418e-02
5.000000074505805969e-02
7.999999821186065674e-02
1.099999994039535522e-01
1.400000005960464478e-01
1.700000017881393433e-01
2.000000029802322388e-01
2.300000041723251343e-01
2.599999904632568359e-01
2.899999916553497314e-01
3.199999928474426270e-01
3.499999940395355225e-01
3.799999952316284180e-01
4.099999964237213135e-01
4.399999976158142090e-01
4.699999988079071045e-01
5.000000000000000000e-01
5.299999713897705078e-01
5.600000023841857910e-01
5.899999737739562988e-01
6.200000047683715820e-01
6.499999761581420898e-01
6.800000071525573730e-01
7.099999785423278809e-01
7.400000095367431641e-01
7.699999809265136719e-01
8.000000119209289551e-01
8.299999833106994629e-01
8.600000143051147461e-01
8.899999856948852539e-01
9.200000166893005371e-01
9.499999880790710449e-01
9.800000190734863281e-01
4.999999888241291046e-03
1.999999955296516418e-02
3.500000014901161194e-02
5.000000074505805969e-02
6.499999761581420898e-02
7.999999821186065674e-02
9.499999880790710449e-02
1.099999994039535522e-01
1.250000000000000000e-01
1.400000005960464478e-01
1.550000011920928955e-01
1.700000017881393433e-01
1.850000023841857910e-01
2.000000029802322388e-01
2.150000035762786865e-01
2.300000041723251343e-01
2.450000047683715820e-01
2.599999904632568359e-01
2.750000059604644775e-01
2.899999916553497314e-01
3.050000071525573730e-01
3.199999928474426270e-01
3.350000083446502686e-01
3.499999940395355225e-01
3.650000095367431641e-01
3.799999952316284180e-01
3.950000107288360596e-01
4.099999964237213135e-01
4.250000119209289551e-01
4.399999976158142090e-01
4.550000131130218506e-01
4.699999988079071045e-01
4.850000143051147461e-01
5.000000000000000000e-01
5.149999856948852539e-01
5.299999713897705078e-01
5.450000166893005371e-01
5.600000023841857910e-01
5.749999880790710449e-01
5.899999737739562988e-01
6.050000190734863281e-01
6.200000047683715820e-01
6.349999904632568359e-01
6.499999761581420898e-01
6.650000214576721191e-01
6.800000071525573730e-01
6.949999928474426270e-01
7.099999785423278809e-01
7.250000238418579102e-01
7.400000095367431641e-01
7.549999952316284180e-01
7.699999809265136719e-01
7.850000262260437012e-01
8.000000119209289551e-01
8.149999976158142090e-01
8.299999833106994629e-01
8.450000286102294922e-01
8.600000143051147461e-01
8.750000000000000000e-01
8.899999856948852539e-01
9.049999713897705078e-01
9.200000166893005371e-01
9.350000023841857910e-01
9.499999880790710449e-01
9.649999737739562988e-01
9.800000190734863281e-01
9.950000047683715820e-01
1.999999955296516418e-02
5.000000074505805969e-02
7.999999821186065674e-02
1.099999994039535522e-01
1.400000005960464478e-01
1.700000017881393433e-01
2.000000029802322388e-01
2.300000041723251343e-01
2.599999904632568359e-01
2.899999916553497314e-01
3.199999928474426270e-01
3.499999940395355225e-01
3.799999952316284180e-01
4.099999964237213135e-01
4.399999976158142090e-01
4.699999988079071045e-01
5.000000000000000000e-01
5.299999713897705078e-01
5.600000023841857910e-01
5.899999737739562988e-01
6.200000047683715820e-01
6.499999761581420898e-01
6.800000071525573730e-01
7.099999785423278809e-01
7.400000095367431641e-01
7.699999809265136719e-01
8.000000119209289551e-01
8.299999833106994629e-01
8.600000143051147461e-01
8.899999856948852539e-01
9.200000166893005371e-01
9.499999880790710449e-01
9.800000190734863281e-01
9.999999776482582092e-03
3.999999910593032837e-02
7.000000029802322388e-02
1.000000014901161194e-01
1.299999952316284180e-01
1.599999964237213135e-01
1.899999976158142090e-01
2.199999988079071045e-01
2.500000000000000000e-01
2.800000011920928955e-01
3.100000023841857910e-01
3.400000035762786865e-01
3.700000047683715820e-01
4.000000059604644775e-01
4.300000071525573730e-01
4.600000083446502686e-01
4.900000095367431641e-01
5.199999809265136719e-01
5.500000119209289551e-01
5.799999833106994629e-01
6.100000143051147461e-01
6.399999856948852539e-01
6.700000166893005371e-01
6.999999880790710449e-01
7.300000190734863281e-01
7.599999904632568359e-01
7.900000214576721191e-01
8.199999928474426270e-01
8.500000238418579102e-01
8.799999952316284180e-01
9.100000262260437012e-01
9.399999976158142090e-01
9.700000286102294922e-01
1.000000000000000000e+00
1.499999966472387314e-02
2.999999932944774628e-02
4.500000178813934326e-02
5.999999865889549255e-02
7.500000298023223877e-02
9.000000357627868652e-02
1.049999967217445374e-01
1.199999973177909851e-01
1.350000053644180298e-01
1.500000059604644775e-01
1.650000065565109253e-01
1.800000071525573730e-01
1.949999928474426270e-01
2.099999934434890747e-01
2.249999940395355225e-01
2.399999946355819702e-01
2.549999952316284180e-01
2.700000107288360596e-01
2.849999964237213135e-01
3.000000119209289551e-01
3.149999976158142090e-01
3.300000131130218506e-01
3.449999988079071045e-01
3.600000143051147461e-01
3.750000000000000000e-01
3.899999856948852539e-01
4.050000011920928955e-01
4.199999868869781494e-01
4.350000023841857910e-01
4.499999880790710449e-01
4.650000035762786865e-01
4.799999892711639404e-01
4.950000047683715820e-01
5.099999904632568359e-01
5.249999761581420898e-01
5.400000214576721191e-01
5.550000071525573730e-01
5.699999928474426270e-01
5.849999785423278809e-01
6.000000238418579102e-01
6.150000095367431641e-01
6.299999952316284180e-01
6.449999809265136719e-01
6.600000262260437012e-01
6.750000119209289551e-01
6.899999976158142090e-01
7.049999833106994629e-01
7.200000286102294922e-01
7.350000143051147461e-01
7.500000000000000000e-01
7.649999856948852539e-01
7.799999713897705078e-01
7.950000166893005371e-01
8.100000023841857910e-01
8.249999880790710449e-01
8.399999737739562988e-01
8.550000190734863281e-01
8.700000047683715820e-01
8.849999904632568359e-01
8.999999761581420898e-01
9.150000214576721191e-01
9.300000071525573730e-01
9.449999928474426270e-01
9.599999785423278809e-01
9.750000238418579102e-01
9.900000095367431641e-01
4.999999888241291046e-03
1.999999955296516418e-02
3.500000014901161194e-02
5.000000074505805969e-02
6.499999761581420898e-02
7.999999821186065674e-02
9.499999880790710449e-02
1.099999994039535522e-01
1.250000000000000000e-01
1.400000005960464478e-01
1.550000011920928955e-01
1.700000017881393433e-01
1.850000023841857910e-01
2.000000029802322388e-01
2.150000035762786865e-01
2.300000041723251343e-01
2.450000047683715820e-01
2.599999904632568359e-01
2.750000059604644775e-01
2.899999916553497314e-01
3.050000071525573730e-01
3.199999928474426270e-01
3.350000083446502686e-01
3.499999940395355225e-01
3.650000095367431641e-01
3.799999952316284180e-01
3.950000107288360596e-01
4.099999964237213135e-01
4.250000119209289551e-01
4.399999976158142090e-01
4.550000131130218506e-01
4.699999988079071045e-01
4.850000143051147461e-01
5.000000000000000000e-01
5.149999856948852539e-01
5.299999713897705078e-01
5.450000166893005371e-01
5.600000023841857910e-01
5.749999880790710449e-01
5.899999737739562988e-01
6.050000190734863281e-01
6.200000047683715820e-01
6.349999904632568359e-01
6.499999761581420898e-01
6.650000214576721191e-01
6.800000071525573730e-01
6.949999928474426270e-01
7.099999785423278809e-01
7.250000238418579102e-01
7.400000095367431641e-01
7.549999952316284180e-01
7.699999809265136719e-01
7.850000262260437012e-01
8.000000119209289551e-01
8.149999976158142090e-01
8.299999833106994629e-01
8.450000286102294922e-01
8.600000143051147461e-01
8.750000000000000000e-01
8.899999856948852539e-01
9.049999713897705078e-01
9.200000166893005371e-01
9.350000023841857910e-01
9.499999880790710449e-01
9.649999737739562988e-01
9.800000190734863281e-01
9.950000047683715820e-01
9.999999776482582092e-03
2.500000037252902985e-02
3.999999910593032837e-02
5.499999970197677612e-02
7.000000029802322388e-02
8.500000089406967163e-02
1.000000014901161194e-01
1.150000020861625671e-01
1.299999952316284180e-01
1.449999958276748657e-01
1.599999964237213135e-01
1.749999970197677612e-01
1.899999976158142090e-01
2.049999982118606567e-01
2.199999988079071045e-01
2.349999994039535522e-01
2.500000000000000000e-01
2.649999856948852539e-01
2.800000011920928955e-01
2.949999868869781494e-01
3.100000023841857910e-01
3.249999880790710449e-01
3.400000035762786865e-01
3.549999892711639404e-01
3.700000047683715820e-01
3.849999904632568359e-01
4.000000059604644775e-01
4.149999916553497314e-01
4.300000071525573730e-01
4.449999928474426270e-01
4.600000083446502686e-01
4.749999940395355225e-01
4.900000095367431641e-01
5.049999952316284180e-01
5.199999809265136719e-01
5.350000262260437012e-01
5.500000119209289551e-01
5.649999976158142090e-01
5.799999833106994629e-01
5.950000286102294922e-01
6.100000143051147461e-01
6.250000000000000000e-01
6.399999856948852539e-01
6.549999713897705078e-01
6.700000166893005371e-01
6.850000023841857910e-01
6.999999880790710449e-01
7.149999737739562988e-01
7.300000190734863281e-01
7.450000047683715820e-01
7.599999904632568359e-01
7.749999761581420898e-01
7.900000214576721191e-01
8.050000071525573730e-01
8.199999928474426270e-01
8.349999785423278809e-01
8.500000238418579102e-01
8.650000095367431641e-01
8.799999952316284180e-01
8.949999809265136719e-01
9.100000262260437012e-01
9.250000119209289551e-01
9.399999976158142090e-01
9.549999833106994629e-01
9.700000286102294922e-01
9.850000143051147461e-01
0.000000000000000000e+00
1.499999966472387314e-02
2.999999932944774628e-02
4.500000178813934326e-02
5.999999865889549255e-02
7.500000298023223877e-02
9.000000357627868652e-02
1.049999967217445374e-01
1.199999973177909851e-01
1.350000053644180298e-01
1.500000059604644775e-01
1.650000065565109253e-01
1.800000071525573730e-01
1.949999928474426270e-01
2.099999934434890747e-01
2.249999940395355225e-01
2.399999946355819702e-01
2.549999952316284180e-01
2.700000107288360596e-01
2.849999964237213135e-01
3.000000119209289551e-01
3.149999976158142090e-01
3.300000131130218506e-01
3.449999988079071045e-01
3.600000143051147461e-01
3.750000000000000000e-01
3.899999856948852539e-01
4.050000011920928955e-01
4.199999868869781494e-01
4.350000023841857910e-01
4.499999880790710449e-01
4.650000035762786865e-01
4.799999892711639404e-01
4.950000047683715820e-01
5.099999904632568359e-01
5.249999761581420898e-01
5.400000214576721191e-01
5.550000071525573730e-01
5.699999928474426270e-01
5.849999785423278809e-01
6.000000238418579102e-01
6.150000095367431641e-01
6.299999952316284180e-01
6.449999809265136719e-01
6.600000262260437012e-01
6.750000119209289551e-01
6.899999976158142090e-01
7.049999833106994629e-01
7.200000286102294922e-01
7.350000143051147461e-01
7.500000000000000000e-01
7.649999856948852539e-01
7.799999713897705078e-01
7.950000166893005371e-01
8.100000023841857910e-01
8.249999880790710449e-01
8.399999737739562988e-01
8.550000190734863281e-01
8.700000047683715820e-01
8.849999904632568359e-01
8.999999761581420898e-01
9.150000214576721191e-01
9.300000071525573730e-01
9.449999928474426270e-01
9.599999785423278809e-01
9.750000238418579102e-01
9.900000095367431641e-01
2.499999944120645523e-03
9.999999776482582092e-03
1.750000007450580597e-02
2.500000037252902985e-02
3.249999880790710449e-02
3.999999910593032837e-02
4.749999940395355225e-02
5.499999970197677612e-02
6.250000000000000000e-02
7.000000029802322388e-02
7.750000059604644775e-02
8.500000089406967163e-02
9.250000119209289551e-02
1.000000014901161194e-01
1.075000017881393433e-01
1.150000020861625671e-01
1.225000023841857910e-01
1.299999952316284180e-01
1.375000029802322388e-01
1.449999958276748657e-01
1.525000035762786865e-01
1.599999964237213135e-01
1.675000041723251343e-01
1.749999970197677612e-01
1.825000047683715820e-01
1.899999976158142090e-01
1.975000053644180298e-01
2.049999982118606567e-01
2.125000059604644775e-01
2.199999988079071045e-01
2.275000065565109253e-01
2.349999994039535522e-01
2.425000071525573730e-01
2.500000000000000000e-01
2.574999928474426270e-01
2.649999856948852539e-01
2.725000083446502686e-01
2.800000011920928955e-01
2.874999940395355225e-01
2.949999868869781494e-01
3.025000095367431641e-01
3.100000023841857910e-01
3.174999952316284180e-01
3.249999880790710449e-01
3.325000107288360596e-01
3.400000035762786865e-01
3.474999964237213135e-01
3.549999892711639404e-01
3.625000119209289551e-01
3.700000047683715820e-01
3.774999976158142090e-01
3.849999904632568359e-01
3.925000131130218506e-01
4.000000059604644775e-01
4.074999988079071045e-01
4.149999916553497314e-01
4.225000143051147461e-01
4.300000071525573730e-01
4.375000000000000000e-01
4.449999928474426270e-01
4.524999856948852539e-01
4.600000083446502686e-01
4.675000011920928955e-01
4.749999940395355225e-01
4.824999868869781494e-01
4.900000095367431641e-01
4.975000023841857910e-01
5.049999952316284180e-01
5.124999880790710449e-01
5.199999809265136719e-01
5.274999737739562988e-01
5.350000262260437012e-01
5.425000190734863281e-01
5.500000119209289551e-01
5.575000047683715820e-01
5.649999976158142090e-01
5.724999904632568359e-01
5.799999833106994629e-01
5.874999761581420898e-01
5.950000286102294922e-01
6.025000214576721191e-01
6.100000143051147461e-01
6.175000071525573730e-01
6.250000000000000000e-01
6.324999928474426270e-01
6.399999856948852539e-01
6.474999785423278809e-01
6.549999713897705078e-01
6.625000238418579102e-01
6.700000166893005371e-01
6.775000095367431641e-01
6.850000023841857910e-01
6.924999952316284180e-01
6.999999880790710449e-01
7.074999809265136719e-01
7.149999737739562988e-01
7.225000262260437012e-01
7.300000190734863281e-01
7.375000119209289551e-01
7.450000047683715820e-01
7.524999976158142090e-01
7.599999904632568359e-01
7.674999833106994629e-01
7.749999761581420898e-01
7.825000286102294922e-01
7.900000214576721191e-01
7.975000143051147461e-01
8.050000071525573730e-01
8.125000000000000000e-01
8.199999928474426270e-01
8.274999856948852539e-01
8.349999785423278809e-01
8.424999713897705078e-01
8.500000238418579102e-01
8.575000166893005371e-01
8.650000095367431641e-01
8.725000023841857910e-01
8.799999952316284180e-01
8.874999880790710449e-01
8.949999809265136719e-01
9.024999737739562988e-01
9.100000262260437012e-01
9.175000190734863281e-01
9.250000119209289551e-01
9.325000047683715820e-01
9.399999976158142090e-01
9.474999904632568359e-01
9.549999833106994629e-01
9.624999761581420898e-01
9.700000286102294922e-01
9.775000214576721191e-01
9.850000143051147461e-01
9.925000071525573730e-01
1.000000000000000000e+00
