0.000000000000000000e+00
1.133333332836627960e-02
2.266666665673255920e-02
3.400000184774398804e-02
4.533333331346511841e-02
5.666666850447654724e-02
6.800000369548797607e-02
7.933333516120910645e-02
9.066666662693023682e-02
1.019999980926513672e-01
1.133333370089530945e-01
1.246666684746742249e-01
1.360000073909759521e-01
1.473333388566970825e-01
1.586666703224182129e-01
1.700000017881393433e-01
1.813333332538604736e-01
1.926666647195816040e-01
2.039999961853027344e-01
2.153333276510238647e-01
2.266666740179061890e-01
2.380000054836273193e-01
2.493333369493484497e-01
2.606666684150695801e-01
2.720000147819519043e-01
2.833333313465118408e-01
2.946666777133941650e-01
3.059999942779541016e-01
3.173333406448364258e-01
3.286666572093963623e-01
3.400000035762786865e-01
3.513333201408386230e-01
3.626666665077209473e-01
3.740000128746032715e-01
3.853333294391632080e-01
3.966666758060455322e-01
4.079999923706054688e-01
4.193333387374877930e-01
4.306666553020477295e-01
4.420000016689300537e-01
4.533333480358123779e-01
4.646666646003723145e-01
4.760000109672546387e-01
4.873333275318145752e-01
4.986666738986968994e-01
5.099999904632568359e-01
5.213333368301391602e-01
5.326666831970214844e-01
5.440000295639038086e-01
5.553333163261413574e-01
5.666666626930236816e-01
5.780000090599060059e-01
5.893333554267883301e-01
6.006666421890258789e-01
6.119999885559082031e-01
6.233333349227905273e-01
6.346666812896728516e-01
6.460000276565551758e-01
6.573333144187927246e-01
6.686666607856750488e-01
6.800000071525573730e-01
6.913333535194396973e-01
7.026666402816772461e-01
7.139999866485595703e-01
7.253333330154418945e-01
7.366666793823242188e-01
7.480000257492065430e-01
7.593333125114440918e-01
7.706666588783264160e-01
7.820000052452087402e-01
7.933333516120910645e-01
8.046666383743286133e-01
8.159999847412109375e-01
8.273333311080932617e-01
8.386666774749755859e-01
8.500000238418579102e-01
8.613333106040954590e-01
8.726666569709777832e-01
8.840000033378601074e-01
8.953333497047424316e-01
9.066666960716247559e-01
9.179999828338623047e-01
9.293333292007446289e-01
9.406666755676269531e-01
9.520000219345092773e-01
9.633333086967468262e-01
9.746666550636291504e-01
9.860000014305114746e-01
9.973333477973937988e-01
8.666666224598884583e-03
1.999999955296516418e-02
3.133333474397659302e-02
4.266666620969772339e-02
5.400000140070915222e-02
6.533333659172058105e-02
7.666666805744171143e-02
8.799999952316284180e-02
9.933333098888397217e-02
1.106666699051856995e-01
1.220000013709068298e-01
1.333333402872085571e-01
1.446666717529296875e-01
1.560000032186508179e-01
1.673333346843719482e-01
1.786666661500930786e-01
1.899999976158142090e-01
2.013333290815353394e-01
2.126666605472564697e-01
2.240000069141387939e-01
2.353333383798599243e-01
2.466666698455810547e-01
2.579999864101409912e-01
2.693333327770233154e-01
2.806666791439056396e-01
2.919999957084655762e-01
3.033333420753479004e-01
3.146666586399078369e-01
3.260000050067901611e-01
3.373333215713500977e-01
3.486666679382324219e-01
3.600000143051147461e-01
3.713333308696746826e-01
3.826666772365570068e-01
3.939999938011169434e-01
4.053333401679992676e-01
4.166666567325592041e-01
4.280000030994415283e-01
4.393333196640014648e-01
4.506666660308837891e-01
4.620000123977661133e-01
4.733333289623260498e-01
4.846666753292083740e-01
4.959999918937683105e-01
5.073333382606506348e-01
5.186666846275329590e-01
5.299999713897705078e-01
5.413333177566528320e-01
5.526666641235351562e-01
5.640000104904174805e-01
5.753333568572998047e-01
5.866666436195373535e-01
5.979999899864196777e-01
6.093333363533020020e-01
6.206666827201843262e-01
6.320000290870666504e-01
6.433333158493041992e-01
6.546666622161865234e-01
6.660000085830688477e-01
6.773333549499511719e-01
6.886666417121887207e-01
6.999999880790710449e-01
7.113333344459533691e-01
7.226666808128356934e-01
7.340000271797180176e-01
7.453333139419555664e-01
7.566666603088378906e-01
7.680000066757202148e-01
7.793333530426025391e-01
7.906666398048400879e-01
8.019999861717224121e-01
8.133333325386047363e-01
8.246666789054870605e-01
8.360000252723693848e-01
8.473333120346069336e-01
8.586666584014892578e-01
8.700000047683715820e-01
8.813333511352539062e-01
8.926666378974914551e-01
9.039999842643737793e-01
9.153333306312561035e-01
9.266666769981384277e-01
9.380000233650207520e-01
9.493333101272583008e-01
9.606666564941406250e-01
9.720000028610229492e-01
9.833333492279052734e-01
9.946666955947875977e-01
8.999999612569808960e-03
2.600000053644180298e-02
4.300000146031379700e-02
5.999999865889549255e-02
7.699999958276748657e-02
9.399999678134918213e-02
1.110000014305114746e-01
1.280000060796737671e-01
1.449999958276748657e-01
1.620000004768371582e-01
1.790000051259994507e-01
1.959999948740005493e-01
2.129999995231628418e-01
2.300000041723251343e-01
2.469999939203262329e-01
2.639999985694885254e-01
2.809999883174896240e-01
2.980000078678131104e-01
3.149999976158142090e-01
3.319999873638153076e-01
3.490000069141387939e-01
3.659999966621398926e-01
3.829999864101409912e-01
4.000000059604644775e-01
4.169999957084655762e-01
4.339999854564666748e-01
4.510000050067901611e-01
4.679999947547912598e-01
4.850000143051147461e-01
5.019999742507934570e-01
5.189999938011169434e-01
5.360000133514404297e-01
5.529999732971191406e-01
5.699999928474426270e-01
5.870000123977661133e-01
6.039999723434448242e-01
6.209999918937683105e-01
6.380000114440917969e-01
6.549999713897705078e-01
6.719999909400939941e-01
6.890000104904174805e-01
7.059999704360961914e-01
7.229999899864196777e-01
7.400000095367431641e-01
7.570000290870666504e-01
7.739999890327453613e-01
7.910000085830688477e-01
8.080000281333923340e-01
8.249999880790710449e-01
8.420000076293945312e-01
8.590000271797180176e-01
8.759999871253967285e-01
8.930000066757202148e-01
9.100000262260437012e-01
9.269999861717224121e-01
9.440000057220458984e-01
9.610000252723693848e-01
9.779999852180480957e-01
9.950000047683715820e-01
1.200000010430812836e-02
2.899999916553497314e-02
4.600000008940696716e-02
6.300000101327896118e-02
7.999999821186065674e-02
9.700000286102294922e-02
1.140000000596046448e-01
1.309999972581863403e-01
1.480000019073486328e-01
1.650000065565109253e-01
1.819999963045120239e-01
1.990000009536743164e-01
2.160000056028366089e-01
2.329999953508377075e-01
2.500000000000000000e-01
2.669999897480010986e-01
2.840000092983245850e-01
3.009999990463256836e-01
3.179999887943267822e-01
3.350000083446502686e-01
3.519999980926513672e-01
3.689999878406524658e-01
3.860000073909759521e-01
4.029999971389770508e-01
4.199999868869781494e-01
4.370000064373016357e-01
4.539999961853027344e-01
4.709999859333038330e-01
4.880000054836273193e-01
5.049999952316284180e-01
5.220000147819519043e-01
5.389999747276306152e-01
5.559999942779541016e-01
5.730000138282775879e-01
5.899999737739562988e-01
6.069999933242797852e-01
6.240000128746032715e-01
6.409999728202819824e-01
6.579999923706054688e-01
6.750000119209289551e-01
6.919999718666076660e-01
7.089999914169311523e-01
7.260000109672546387e-01
7.429999709129333496e-01
7.599999904632568359e-01
7.770000100135803223e-01
7.940000295639038086e-01
8.109999895095825195e-01
8.280000090599060059e-01
8.450000286102294922e-01
8.619999885559082031e-01
8.790000081062316895e-01
8.960000276565551758e-01
9.129999876022338867e-01
9.300000071525573730e-01
9.470000267028808594e-01
9.639999866485595703e-01
9.810000061988830566e-01
9.980000257492065430e-01
1.499999966472387314e-02
3.200000151991844177e-02
4.899999871850013733e-02
6.599999964237213135e-02
8.299999684095382690e-02
1.000000014901161194e-01
1.169999986886978149e-01
1.340000033378601074e-01
1.509999930858612061e-01
1.679999977350234985e-01
1.850000023841857910e-01
2.020000070333480835e-01
2.189999967813491821e-01
2.360000014305114746e-01
2.529999911785125732e-01
2.700000107288360596e-01
2.870000004768371582e-01
3.039999902248382568e-01
3.210000097751617432e-01
3.379999995231628418e-01
3.549999892711639404e-01
3.720000088214874268e-01
3.889999985694885254e-01
4.059999883174896240e-01
4.230000078678131104e-01
4.399999976158142090e-01
4.569999873638153076e-01
4.740000069141387939e-01
4.909999966621398926e-01
5.080000162124633789e-01
5.249999761581420898e-01
5.419999957084655762e-01
5.590000152587890625e-01
5.759999752044677734e-01
5.929999947547912598e-01
6.100000143051147461e-01
6.269999742507934570e-01
6.439999938011169434e-01
6.610000133514404297e-01
6.779999732971191406e-01
6.949999928474426270e-01
7.120000123977661133e-01
7.289999723434448242e-01
7.459999918937683105e-01
7.630000114440917969e-01
7.799999713897705078e-01
7.969999909400939941e-01
8.140000104904174805e-01
8.309999704360961914e-01
8.479999899864196777e-01
8.650000095367431641e-01
8.820000290870666504e-01
8.989999890327453613e-01
9.160000085830688477e-01
9.330000281333923340e-01
9.499999880790710449e-01
9.670000076293945312e-01
9.840000271797180176e-01
1.000000047497451305e-03
1.799999922513961792e-02
3.500000014901161194e-02
5.200000107288360596e-02
6.899999827146530151e-02
8.600000292062759399e-02
1.030000001192092896e-01
1.199999973177909851e-01
1.369999945163726807e-01
1.539999991655349731e-01
1.710000038146972656e-01
1.879999935626983643e-01
2.049999982118606567e-01
2.220000028610229492e-01
2.389999926090240479e-01
2.560000121593475342e-01
2.730000019073486328e-01
2.899999916553497314e-01
3.070000112056732178e-01
3.240000009536743164e-01
3.409999907016754150e-01
3.580000102519989014e-01
3.750000000000000000e-01
3.919999897480010986e-01
4.090000092983245850e-01
4.259999990463256836e-01
4.429999887943267822e-01
4.600000083446502686e-01
4.769999980926513672e-01
4.939999878406524658e-01
5.109999775886535645e-01
5.279999971389770508e-01
5.450000166893005371e-01
5.619999766349792480e-01
5.789999961853027344e-01
5.960000157356262207e-01
6.129999756813049316e-01
6.299999952316284180e-01
6.470000147819519043e-01
6.639999747276306152e-01
6.809999942779541016e-01
6.980000138282775879e-01
7.149999737739562988e-01
7.319999933242797852e-01
7.490000128746032715e-01
7.659999728202819824e-01
7.829999923706054688e-01
8.000000119209289551e-01
8.169999718666076660e-01
8.339999914169311523e-01
8.510000109672546387e-01
8.679999709129333496e-01
8.849999904632568359e-01
9.020000100135803223e-01
9.190000295639038086e-01
9.359999895095825195e-01
9.530000090599060059e-01
9.700000286102294922e-01
9.869999885559082031e-01
4.000000189989805222e-03
2.099999971687793732e-02
3.799999877810478210e-02
5.499999970197677612e-02
7.199999690055847168e-02
8.900000154972076416e-02
1.059999987483024597e-01
1.230000033974647522e-01
1.400000005960464478e-01
1.570000052452087402e-01
1.739999949932098389e-01
1.909999996423721313e-01
2.080000042915344238e-01
2.249999940395355225e-01
2.419999986886978149e-01
2.590000033378601074e-01
2.759999930858612061e-01
2.930000126361846924e-01
3.100000023841857910e-01
3.269999921321868896e-01
3.440000116825103760e-01
3.610000014305114746e-01
3.779999911785125732e-01
3.950000107288360596e-01
4.120000004768371582e-01
4.289999902248382568e-01
4.460000097751617432e-01
4.629999995231628418e-01
4.799999892711639404e-01
4.970000088214874268e-01
5.139999985694885254e-01
5.310000181198120117e-01
5.479999780654907227e-01
5.649999976158142090e-01
5.820000171661376953e-01
5.989999771118164062e-01
6.159999966621398926e-01
6.330000162124633789e-01
6.499999761581420898e-01
6.669999957084655762e-01
6.840000152587890625e-01
7.009999752044677734e-01
7.179999947547912598e-01
7.350000143051147461e-01
7.519999742507934570e-01
7.689999938011169434e-01
7.860000133514404297e-01
8.029999732971191406e-01
8.199999928474426270e-01
8.370000123977661133e-01
8.539999723434448242e-01
8.709999918937683105e-01
8.880000114440917969e-01
9.049999713897705078e-01
9.219999909400939941e-01
9.390000104904174805e-01
9.559999704360961914e-01
9.729999899864196777e-01
9.900000095367431641e-01
7.000000216066837311e-03
2.400000020861625671e-02
4.100000113248825073e-02
5.799999833106994629e-02
7.500000298023223877e-02
9.200000017881393433e-02
1.089999973773956299e-01
1.260000020265579224e-01
1.430000066757202148e-01
1.599999964237213135e-01
1.770000010728836060e-01
1.940000057220458984e-01
2.109999954700469971e-01
2.280000001192092896e-01
2.450000047683715820e-01
2.619999945163726807e-01
2.790000140666961670e-01
2.960000038146972656e-01
3.129999935626983643e-01
3.300000131130218506e-01
3.470000028610229492e-01
3.639999926090240479e-01
3.810000121593475342e-01
3.980000019073486328e-01
4.149999916553497314e-01
4.320000112056732178e-01
4.490000009536743164e-01
4.659999907016754150e-01
4.830000102519989014e-01
5.000000000000000000e-01
5.170000195503234863e-01
5.339999794960021973e-01
5.509999990463256836e-01
5.680000185966491699e-01
5.849999785423278809e-01
6.019999980926513672e-01
6.190000176429748535e-01
6.359999775886535645e-01
6.529999971389770508e-01
6.700000166893005371e-01
6.869999766349792480e-01
7.039999961853027344e-01
7.210000157356262207e-01
7.379999756813049316e-01
7.549999952316284180e-01
7.720000147819519043e-01
7.889999747276306152e-01
8.059999942779541016e-01
8.230000138282775879e-01
8.399999737739562988e-01
8.569999933242797852e-01
8.740000128746032715e-01
8.909999728202819824e-01
9.079999923706054688e-01
9.250000119209289551e-01
9.419999718666076660e-01
9.589999914169311523e-01
9.760000109672546387e-01
9.929999709129333496e-01
9.999999776482582092e-03
2.700000070035457611e-02
4.399999976158142090e-02
6.100000068545341492e-02
7.800000160932540894e-02
9.499999880790710449e-02
1.120000034570693970e-01
1.289999932050704956e-01
1.459999978542327881e-01
1.630000025033950806e-01
1.800000071525573730e-01
1.969999969005584717e-01
2.140000015497207642e-01
2.310000061988830566e-01
2.479999959468841553e-01
2.649999856948852539e-01
2.820000052452087402e-01
2.989999949932098389e-01
3.160000145435333252e-01
3.330000042915344238e-01
3.499999940395355225e-01
3.670000135898590088e-01
3.840000033378601074e-01
4.009999930858612061e-01
4.180000126361846924e-01
4.350000023841857910e-01
4.519999921321868896e-01
4.690000116825103760e-01
4.860000014305114746e-01
5.030000209808349609e-01
5.199999809265136719e-01
5.370000004768371582e-01
5.540000200271606445e-01
5.709999799728393555e-01
5.879999995231628418e-01
6.050000190734863281e-01
6.219999790191650391e-01
6.389999985694885254e-01
6.560000181198120117e-01
6.729999780654907227e-01
6.899999976158142090e-01
7.070000171661376953e-01
7.239999771118164062e-01
7.409999966621398926e-01
7.580000162124633789e-01
7.749999761581420898e-01
7.919999957084655762e-01
8.090000152587890625e-01
8.259999752044677734e-01
8.429999947547912598e-01
8.600000143051147461e-01
8.769999742507934570e-01
8.939999938011169434e-01
9.110000133514404297e-01
9.279999732971191406e-01
9.449999928474426270e-01
9.620000123977661133e-01
9.789999723434448242e-01
9.959999918937683105e-01
1.300000026822090149e-02
2.999999932944774628e-02
4.699999839067459106e-02
6.400000303983688354e-02
8.100000023841857910e-02
9.799999743700027466e-02
1.150000020861625671e-01
1.319999992847442627e-01
1.490000039339065552e-01
1.659999936819076538e-01
1.829999983310699463e-01
2.000000029802322388e-01
2.169999927282333374e-01
2.339999973773956299e-01
2.509999871253967285e-01
2.680000066757202148e-01
2.849999964237213135e-01
3.019999861717224121e-01
3.190000057220458984e-01
3.359999954700469971e-01
3.529999852180480957e-01
3.700000047683715820e-01
3.869999945163726807e-01
4.040000140666961670e-01
4.210000038146972656e-01
4.379999935626983643e-01
4.550000131130218506e-01
4.720000028610229492e-01
4.889999926090240479e-01
5.059999823570251465e-01
5.230000019073486328e-01
5.400000214576721191e-01
5.569999814033508301e-01
5.740000009536743164e-01
5.910000205039978027e-01
6.079999804496765137e-01
6.250000000000000000e-01
6.420000195503234863e-01
6.589999794960021973e-01
6.759999990463256836e-01
6.930000185966491699e-01
7.099999785423278809e-01
7.269999980926513672e-01
7.440000176429748535e-01
7.609999775886535645e-01
7.779999971389770508e-01
7.950000166893005371e-01
8.119999766349792480e-01
8.289999961853027344e-01
8.460000157356262207e-01
8.629999756813049316e-01
8.799999952316284180e-01
8.970000147819519043e-01
9.139999747276306152e-01
9.309999942779541016e-01
9.480000138282775879e-01
9.649999737739562988e-01
9.819999933242797852e-01
9.990000128746032715e-01
1.600000075995922089e-02
3.299999982118606567e-02
5.000000074505805969e-02
6.700000166893005371e-02
8.399999886751174927e-02
1.010000035166740417e-01
1.180000007152557373e-01
1.350000053644180298e-01
1.519999951124191284e-01
1.689999997615814209e-01
1.860000044107437134e-01
2.029999941587448120e-01
2.199999988079071045e-01
2.370000034570693970e-01
2.540000081062316895e-01
2.709999978542327881e-01
2.879999876022338867e-01
3.050000071525573730e-01
3.219999969005584717e-01
3.389999866485595703e-01
3.560000061988830566e-01
3.729999959468841553e-01
3.899999856948852539e-01
4.070000052452087402e-01
4.239999949932098389e-01
4.410000145435333252e-01
4.580000042915344238e-01
4.749999940395355225e-01
4.920000135898590088e-01
5.090000033378601074e-01
5.260000228881835938e-01
5.429999828338623047e-01
5.600000023841857910e-01
5.770000219345092773e-01
5.939999818801879883e-01
6.110000014305114746e-01
6.280000209808349609e-01
6.449999809265136719e-01
6.620000004768371582e-01
6.790000200271606445e-01
6.959999799728393555e-01
7.129999995231628418e-01
7.300000190734863281e-01
7.469999790191650391e-01
7.639999985694885254e-01
7.810000181198120117e-01
7.979999780654907227e-01
8.149999976158142090e-01
8.320000171661376953e-01
8.489999771118164062e-01
8.659999966621398926e-01
8.830000162124633789e-01
8.999999761581420898e-01
9.169999957084655762e-01
9.340000152587890625e-01
9.509999752044677734e-01
9.679999947547912598e-01
9.850000143051147461e-01
2.000000094994902611e-03
1.899999938905239105e-02
3.599999845027923584e-02
5.299999937415122986e-02
7.000000029802322388e-02
8.699999749660491943e-02
1.040000021457672119e-01
1.209999993443489075e-01
1.379999965429306030e-01
1.550000011920928955e-01
1.720000058412551880e-01
1.889999955892562866e-01
2.060000002384185791e-01
2.230000048875808716e-01
2.399999946355819702e-01
2.569999992847442627e-01
2.739999890327453613e-01
2.910000085830688477e-01
3.079999983310699463e-01
3.249999880790710449e-01
3.420000076293945312e-01
3.589999973773956299e-01
3.759999871253967285e-01
3.930000066757202148e-01
4.099999964237213135e-01
4.269999861717224121e-01
4.440000057220458984e-01
4.609999954700469971e-01
4.779999852180480957e-01
4.950000047683715820e-01
5.120000243186950684e-01
5.289999842643737793e-01
5.460000038146972656e-01
5.630000233650207520e-01
5.799999833106994629e-01
5.970000028610229492e-01
6.140000224113464355e-01
6.309999823570251465e-01
6.480000019073486328e-01
6.650000214576721191e-01
6.819999814033508301e-01
6.990000009536743164e-01
7.160000205039978027e-01
7.329999804496765137e-01
7.500000000000000000e-01
7.670000195503234863e-01
7.839999794960021973e-01
8.009999990463256836e-01
8.180000185966491699e-01
8.349999785423278809e-01
8.519999980926513672e-01
8.690000176429748535e-01
8.859999775886535645e-01
9.029999971389770508e-01
9.200000166893005371e-01
9.369999766349792480e-01
9.539999961853027344e-01
9.710000157356262207e-01
9.879999756813049316e-01
4.999999888241291046e-03
2.199999988079071045e-02
3.900000080466270447e-02
5.600000172853469849e-02
7.299999892711639404e-02
9.000000357627868652e-02
1.070000007748603821e-01
1.239999979734420776e-01
1.410000026226043701e-01
1.580000072717666626e-01
1.749999970197677612e-01
1.920000016689300537e-01
2.090000063180923462e-01
2.259999960660934448e-01
2.430000007152557373e-01
2.599999904632568359e-01
2.770000100135803223e-01
2.939999997615814209e-01
3.109999895095825195e-01
3.280000090599060059e-01
3.449999988079071045e-01
3.619999885559082031e-01
3.790000081062316895e-01
3.959999978542327881e-01
4.129999876022338867e-01
4.300000071525573730e-01
4.469999969005584717e-01
4.639999866485595703e-01
4.810000061988830566e-01
4.979999959468841553e-01
5.149999856948852539e-01
5.320000052452087402e-01
5.490000247955322266e-01
5.659999847412109375e-01
5.830000042915344238e-01
6.000000238418579102e-01
6.169999837875366211e-01
6.340000033378601074e-01
6.510000228881835938e-01
6.679999828338623047e-01
6.850000023841857910e-01
7.020000219345092773e-01
7.189999818801879883e-01
7.360000014305114746e-01
7.530000209808349609e-01
7.699999809265136719e-01
7.870000004768371582e-01
8.040000200271606445e-01
8.209999799728393555e-01
8.379999995231628418e-01
8.550000190734863281e-01
8.719999790191650391e-01
8.889999985694885254e-01
9.060000181198120117e-01
9.229999780654907227e-01
9.399999976158142090e-01
9.570000171661376953e-01
9.739999771118164062e-01
9.909999966621398926e-01
5.333333276212215424e-03
1.666666753590106964e-02
2.800000086426734924e-02
3.933333232998847961e-02
5.066666752099990845e-02
6.199999898672103882e-02
7.333333045244216919e-02
8.466666936874389648e-02
9.600000083446502686e-02
1.073333323001861572e-01
1.186666637659072876e-01
1.299999952316284180e-01
1.413333266973495483e-01
1.526666730642318726e-01
1.640000045299530029e-01
1.753333359956741333e-01
1.866666674613952637e-01
1.979999989271163940e-01
2.093333303928375244e-01
2.206666618585586548e-01
2.319999933242797852e-01
2.433333396911621094e-01
2.546666562557220459e-01
2.660000026226043701e-01
2.773333191871643066e-01
2.886666655540466309e-01
3.000000119209289551e-01
3.113333284854888916e-01
3.226666748523712158e-01
3.339999914169311523e-01
3.453333377838134766e-01
3.566666543483734131e-01
3.680000007152557373e-01
3.793333470821380615e-01
3.906666636466979980e-01
4.020000100135803223e-01
4.133333265781402588e-01
4.246666729450225830e-01
4.359999895095825195e-01
4.473333358764648438e-01
4.586666524410247803e-01
4.699999988079071045e-01
4.813333451747894287e-01
4.926666617393493652e-01
5.040000081062316895e-01
5.153333544731140137e-01
5.266666412353515625e-01
5.379999876022338867e-01
5.493333339691162109e-01
5.606666803359985352e-01
5.720000267028808594e-01
5.833333134651184082e-01
5.946666598320007324e-01
6.060000061988830566e-01
6.173333525657653809e-01
6.286666393280029297e-01
6.399999856948852539e-01
6.513333320617675781e-01
6.626666784286499023e-01
6.740000247955322266e-01
6.853333115577697754e-01
6.966666579246520996e-01
7.080000042915344238e-01
7.193333506584167480e-01
7.306666374206542969e-01
7.419999837875366211e-01
7.533333301544189453e-01
7.646666765213012695e-01
7.760000228881835938e-01
7.873333096504211426e-01
7.986666560173034668e-01
8.100000023841857910e-01
8.213333487510681152e-01
8.326666951179504395e-01
8.439999818801879883e-01
8.553333282470703125e-01
8.666666746139526367e-01
8.780000209808349609e-01
8.893333077430725098e-01
9.006666541099548340e-01
9.120000004768371582e-01
9.233333468437194824e-01
9.346666932106018066e-01
9.459999799728393555e-01
9.573333263397216797e-01
9.686666727066040039e-01
9.800000190734863281e-01
9.913333058357238770e-01
2.666666638106107712e-03
1.400000043213367462e-02
2.533333376049995422e-02
3.666666522622108459e-02
4.800000041723251343e-02
5.933333188295364380e-02
7.066666334867477417e-02
8.200000226497650146e-02
9.333333373069763184e-02
1.046666651964187622e-01
1.159999966621398926e-01
1.273333281278610229e-01
1.386666595935821533e-01
1.500000059604644775e-01
1.613333374261856079e-01
1.726666688919067383e-01
1.840000003576278687e-01
1.953333318233489990e-01
2.066666632890701294e-01
2.179999947547912598e-01
2.293333262205123901e-01
2.406666725873947144e-01
2.520000040531158447e-01
2.633333206176757812e-01
2.746666669845581055e-01
2.860000133514404297e-01
2.973333299160003662e-01
3.086666762828826904e-01
3.199999928474426270e-01
3.313333392143249512e-01
3.426666557788848877e-01
3.540000021457672119e-01
3.653333187103271484e-01
3.766666650772094727e-01
3.880000114440917969e-01
3.993333280086517334e-01
4.106666743755340576e-01
4.219999909400939941e-01
4.333333373069763184e-01
4.446666538715362549e-01
4.560000002384185791e-01
4.673333466053009033e-01
4.786666631698608398e-01
4.900000095367431641e-01
5.013333559036254883e-01
5.126666426658630371e-01
5.239999890327453613e-01
5.353333353996276855e-01
5.466666817665100098e-01
5.580000281333923340e-01
5.693333148956298828e-01
5.806666612625122070e-01
5.920000076293945312e-01
6.033333539962768555e-01
6.146666407585144043e-01
6.259999871253967285e-01
6.373333334922790527e-01
6.486666798591613770e-01
6.600000262260437012e-01
6.713333129882812500e-01
6.826666593551635742e-01
6.940000057220458984e-01
7.053333520889282227e-01
7.166666388511657715e-01
7.279999852180480957e-01
7.393333315849304199e-01
7.506666779518127441e-01
7.620000243186950684e-01
7.733333110809326172e-01
7.846666574478149414e-01
7.960000038146972656e-01
8.073333501815795898e-01
8.186666369438171387e-01
8.299999833106994629e-01
8.413333296775817871e-01
8.526666760444641113e-01
8.640000224113464355e-01
8.753333091735839844e-01
8.866666555404663086e-01
8.980000019073486328e-01
9.093333482742309570e-01
9.206666946411132812e-01
9.319999814033508301e-01
9.433333277702331543e-01
9.546666741371154785e-01
9.660000205039978027e-01
9.773333072662353516e-01
9.886666536331176758e-01
1.000000000000000000e+00
