0.000000000000000000e+00
8.000000379979610443e-03
1.600000075995922089e-02
2.400000020861625671e-02
3.200000151991844177e-02
3.999999910593032837e-02
4.800000041723251343e-02
5.600000172853469849e-02
6.400000303983688354e-02
7.199999690055847168e-02
7.999999821186065674e-02
8.799999952316284180e-02
9.600000083446502686e-02
1.040000021457672119e-01
1.120000034570693970e-01
1.199999973177909851e-01
1.280000060796737671e-01
1.360000073909759521e-01
1.439999938011169434e-01
1.519999951124191284e-01
1.599999964237213135e-01
1.679999977350234985e-01
1.759999990463256836e-01
1.840000003576278687e-01
1.920000016689300537e-01
2.000000029802322388e-01
2.080000042915344238e-01
2.160000056028366089e-01
2.240000069141387939e-01
2.319999933242797852e-01
2.399999946355819702e-01
2.479999959468841553e-01
2.560000121593475342e-01
2.639999985694885254e-01
2.720000147819519043e-01
2.800000011920928955e-01
2.879999876022338867e-01
2.960000038146972656e-01
3.039999902248382568e-01
3.120000064373016357e-01
3.199999928474426270e-01
3.280000090599060059e-01
3.359999954700469971e-01
3.440000116825103760e-01
3.519999980926513672e-01
3.600000143051147461e-01
3.680000007152557373e-01
3.759999871253967285e-01
3.840000033378601074e-01
3.919999897480010986e-01
4.000000059604644775e-01
4.079999923706054688e-01
4.160000085830688477e-01
4.239999949932098389e-01
4.320000112056732178e-01
4.399999976158142090e-01
4.480000138282775879e-01
4.560000002384185791e-01
4.639999866485595703e-01
4.720000028610229492e-01
4.799999892711639404e-01
4.880000054836273193e-01
4.959999918937683105e-01
5.040000081062316895e-01
5.120000243186950684e-01
5.199999809265136719e-01
5.279999971389770508e-01
5.360000133514404297e-01
5.440000295639038086e-01
5.519999861717224121e-01
5.600000023841857910e-01
5.680000185966491699e-01
5.759999752044677734e-01
5.839999914169311523e-01
5.920000076293945312e-01
6.000000238418579102e-01
6.079999804496765137e-01
6.159999966621398926e-01
6.240000128746032715e-01
6.320000290870666504e-01
6.399999856948852539e-01
6.480000019073486328e-01
6.560000181198120117e-01
6.639999747276306152e-01
6.719999909400939941e-01
6.800000071525573730e-01
6.880000233650207520e-01
6.959999799728393555e-01
7.039999961853027344e-01
7.120000123977661133e-01
7.200000286102294922e-01
7.279999852180480957e-01
7.360000014305114746e-01
7.440000176429748535e-01
7.519999742507934570e-01
7.599999904632568359e-01
7.680000066757202148e-01
7.760000228881835938e-01
7.839999794960021973e-01
7.919999957084655762e-01
8.000000119209289551e-01
8.080000281333923340e-01
8.159999847412109375e-01
8.240000009536743164e-01
8.320000171661376953e-01
8.399999737739562988e-01
8.479999899864196777e-01
8.560000061988830566e-01
8.640000224113464355e-01
8.719999790191650391e-01
8.799999952316284180e-01
8.880000114440917969e-01
8.960000276565551758e-01
9.039999842643737793e-01
9.120000004768371582e-01
9.200000166893005371e-01
9.279999732971191406e-01
9.359999895095825195e-01
9.440000057220458984e-01
9.520000219345092773e-01
9.599999785423278809e-01
9.679999947547912598e-01
9.760000109672546387e-01
9.840000271797180176e-01
9.919999837875366211e-01
1.000000000000000000e+00
1.600000075995922089e-02
3.200000151991844177e-02
4.800000041723251343e-02
6.400000303983688354e-02
7.999999821186065674e-02
9.600000083446502686e-02
1.120000034570693970e-01
1.280000060796737671e-01
1.439999938011169434e-01
1.599999964237213135e-01
1.759999990463256836e-01
1.920000016689300537e-01
2.080000042915344238e-01
2.240000069141387939e-01
2.399999946355819702e-01
2.560000121593475342e-01
2.720000147819519043e-01
2.879999876022338867e-01
3.039999902248382568e-01
3.199999928474426270e-01
3.359999954700469971e-01
3.519999980926513672e-01
3.680000007152557373e-01
3.840000033378601074e-01
4.000000059604644775e-01
4.160000085830688477e-01
4.320000112056732178e-01
4.480000138282775879e-01
4.639999866485595703e-01
4.799999892711639404e-01
4.959999918937683105e-01
5.120000243186950684e-01
5.279999971389770508e-01
5.440000295639038086e-01
5.600000023841857910e-01
5.759999752044677734e-01
5.920000076293945312e-01
6.079999804496765137e-01
6.240000128746032715e-01
6.399999856948852539e-01
6.560000181198120117e-01
6.719999909400939941e-01
6.880000233650207520e-01
7.039999961853027344e-01
7.200000286102294922e-01
7.360000014305114746e-01
7.519999742507934570e-01
7.680000066757202148e-01
7.839999794960021973e-01
8.000000119209289551e-01
8.159999847412109375e-01
8.320000171661376953e-01
8.479999899864196777e-01
8.640000224113464355e-01
8.799999952316284180e-01
8.960000276565551758e-01
9.120000004768371582e-01
9.279999732971191406e-01
9.440000057220458984e-01
9.599999785423278809e-01
9.760000109672546387e-01
9.919999837875366211e-01
8.000000379979610443e-03
2.400000020861625671e-02
3.999999910593032837e-02
5.600000172853469849e-02
7.199999690055847168e-02
8.799999952316284180e-02
1.040000021457672119e-01
1.199999973177909851e-01
1.360000073909759521e-01
1.519999951124191284e-01
1.679999977350234985e-01
1.840000003576278687e-01
2.000000029802322388e-01
2.160000056028366089e-01
2.319999933242797852e-01
2.479999959468841553e-01
2.639999985694885254e-01
2.800000011920928955e-01
2.960000038146972656e-01
3.120000064373016357e-01
3.280000090599060059e-01
3.440000116825103760e-01
3.600000143051147461e-01
3.759999871253967285e-01
3.919999897480010986e-01
4.079999923706054688e-01
4.239999949932098389e-01
4.399999976158142090e-01
4.560000002384185791e-01
4.720000028610229492e-01
4.880000054836273193e-01
5.040000081062316895e-01
5.199999809265136719e-01
5.360000133514404297e-01
5.519999861717224121e-01
5.680000185966491699e-01
5.839999914169311523e-01
6.000000238418579102e-01
6.159999966621398926e-01
6.320000290870666504e-01
6.480000019073486328e-01
6.639999747276306152e-01
6.800000071525573730e-01
6.959999799728393555e-01
7.120000123977661133e-01
7.279999852180480957e-01
7.440000176429748535e-01
7.599999904632568359e-01
7.760000228881835938e-01
7.919999957084655762e-01
8.080000281333923340e-01
8.240000009536743164e-01
8.399999737739562988e-01
8.560000061988830566e-01
8.719999790191650391e-01
8.880000114440917969e-01
9.039999842643737793e-01
9.200000166893005371e-01
9.359999895095825195e-01
9.520000219345092773e-01
9.679999947547912598e-01
9.840000271797180176e-01
1.000000000000000000e+00
1.600000075995922089e-02
3.200000151991844177e-02
4.800000041723251343e-02
6.400000303983688354e-02
7.999999821186065674e-02
9.600000083446502686e-02
1.120000034570693970e-01
1.280000060796737671e-01
1.439999938011169434e-01
1.599999964237213135e-01
1.759999990463256836e-01
1.920000016689300537e-01
2.080000042915344238e-01
2.240000069141387939e-01
2.399999946355819702e-01
2.560000121593475342e-01
2.720000147819519043e-01
2.879999876022338867e-01
3.039999902248382568e-01
3.199999928474426270e-01
3.359999954700469971e-01
3.519999980926513672e-01
3.680000007152557373e-01
3.840000033378601074e-01
4.000000059604644775e-01
4.160000085830688477e-01
4.320000112056732178e-01
4.480000138282775879e-01
4.639999866485595703e-01
4.799999892711639404e-01
4.959999918937683105e-01
5.120000243186950684e-01
5.279999971389770508e-01
5.440000295639038086e-01
5.600000023841857910e-01
5.759999752044677734e-01
5.920000076293945312e-01
6.079999804496765137e-01
6.240000128746032715e-01
6.399999856948852539e-01
6.560000181198120117e-01
6.719999909400939941e-01
6.880000233650207520e-01
7.039999961853027344e-01
7.200000286102294922e-01
7.360000014305114746e-01
7.519999742507934570e-01
7.680000066757202148e-01
7.839999794960021973e-01
8.000000119209289551e-01
8.159999847412109375e-01
8.320000171661376953e-01
8.479999899864196777e-01
8.640000224113464355e-01
8.799999952316284180e-01
8.960000276565551758e-01
9.120000004768371582e-01
9.279999732971191406e-01
9.440000057220458984e-01
9.599999785423278809e-01
9.760000109672546387e-01
9.919999837875366211e-01
8.000000379979610443e-03
2.400000020861625671e-02
3.999999910593032837e-02
5.600000172853469849e-02
7.199999690055847168e-02
8.799999952316284180e-02
1.040000021457672119e-01
1.199999973177909851e-01
1.360000073909759521e-01
1.519999951124191284e-01
1.679999977350234985e-01
1.840000003576278687e-01
2.000000029802322388e-01
2.160000056028366089e-01
2.319999933242797852e-01
2.479999959468841553e-01
2.639999985694885254e-01
2.800000011920928955e-01
2.960000038146972656e-01
3.120000064373016357e-01
3.280000090599060059e-01
3.440000116825103760e-01
3.600000143051147461e-01
3.759999871253967285e-01
3.919999897480010986e-01
4.079999923706054688e-01
4.239999949932098389e-01
4.399999976158142090e-01
4.560000002384185791e-01
4.720000028610229492e-01
4.880000054836273193e-01
5.040000081062316895e-01
5.199999809265136719e-01
5.360000133514404297e-01
5.519999861717224121e-01
5.680000185966491699e-01
5.839999914169311523e-01
6.000000238418579102e-01
6.159999966621398926e-01
6.320000290870666504e-01
6.480000019073486328e-01
6.639999747276306152e-01
6.800000071525573730e-01
6.959999799728393555e-01
7.120000123977661133e-01
7.279999852180480957e-01
7.440000176429748535e-01
7.599999904632568359e-01
7.760000228881835938e-01
7.919999957084655762e-01
8.080000281333923340e-01
8.240000009536743164e-01
8.399999737739562988e-01
8.560000061988830566e-01
8.719999790191650391e-01
8.880000114440917969e-01
9.039999842643737793e-01
9.200000166893005371e-01
9.359999895095825195e-01
9.520000219345092773e-01
9.679999947547912598e-01
9.840000271797180176e-01
1.000000000000000000e+00
1.600000075995922089e-02
3.200000151991844177e-02
4.800000041723251343e-02
6.400000303983688354e-02
7.999999821186065674e-02
9.600000083446502686e-02
1.120000034570693970e-01
1.280000060796737671e-01
1.439999938011169434e-01
1.599999964237213135e-01
1.759999990463256836e-01
1.920000016689300537e-01
2.080000042915344238e-01
2.240000069141387939e-01
2.399999946355819702e-01
2.560000121593475342e-01
2.720000147819519043e-01
2.879999876022338867e-01
3.039999902248382568e-01
3.199999928474426270e-01
3.359999954700469971e-01
3.519999980926513672e-01
3.680000007152557373e-01
3.840000033378601074e-01
4.000000059604644775e-01
4.160000085830688477e-01
4.320000112056732178e-01
4.480000138282775879e-01
4.639999866485595703e-01
4.799999892711639404e-01
4.959999918937683105e-01
5.120000243186950684e-01
5.279999971389770508e-01
5.440000295639038086e-01
5.600000023841857910e-01
5.759999752044677734e-01
5.920000076293945312e-01
6.079999804496765137e-01
6.240000128746032715e-01
6.399999856948852539e-01
6.560000181198120117e-01
6.719999909400939941e-01
6.880000233650207520e-01
7.039999961853027344e-01
7.200000286102294922e-01
7.360000014305114746e-01
7.519999742507934570e-01
7.680000066757202148e-01
7.839999794960021973e-01
8.000000119209289551e-01
8.159999847412109375e-01
8.320000171661376953e-01
8.479999899864196777e-01
8.640000224113464355e-01
8.799999952316284180e-01
8.960000276565551758e-01
9.120000004768371582e-01
9.279999732971191406e-01
9.440000057220458984e-01
9.599999785423278809e-01
9.760000109672546387e-01
9.919999837875366211e-01
8.000000379979610443e-03
2.400000020861625671e-02
3.999999910593032837e-02
5.600000172853469849e-02
7.199999690055847168e-02
8.799999952316284180e-02
1.040000021457672119e-01
1.199999973177909851e-01
1.360000073909759521e-01
1.519999951124191284e-01
1.679999977350234985e-01
1.840000003576278687e-01
2.000000029802322388e-01
2.160000056028366089e-01
2.319999933242797852e-01
2.479999959468841553e-01
2.639999985694885254e-01
2.800000011920928955e-01
2.960000038146972656e-01
3.120000064373016357e-01
3.280000090599060059e-01
3.440000116825103760e-01
3.600000143051147461e-01
3.759999871253967285e-01
3.919999897480010986e-01
4.079999923706054688e-01
4.239999949932098389e-01
4.399999976158142090e-01
4.560000002384185791e-01
4.720000028610229492e-01
4.880000054836273193e-01
5.040000081062316895e-01
5.199999809265136719e-01
5.360000133514404297e-01
5.519999861717224121e-01
5.680000185966491699e-01
5.839999914169311523e-01
6.000000238418579102e-01
6.159999966621398926e-01
6.320000290870666504e-01
6.480000019073486328e-01
6.639999747276306152e-01
6.800000071525573730e-01
6.959999799728393555e-01
7.120000123977661133e-01
7.279999852180480957e-01
7.440000176429748535e-01
7.599999904632568359e-01
7.760000228881835938e-01
7.919999957084655762e-01
8.080000281333923340e-01
8.240000009536743164e-01
8.399999737739562988e-01
8.560000061988830566e-01
8.719999790191650391e-01
8.880000114440917969e-01
9.039999842643737793e-01
9.200000166893005371e-01
9.359999895095825195e-01
9.520000219345092773e-01
9.679999947547912598e-01
9.840000271797180176e-01
0.000000000000000000e+00
1.600000075995922089e-02
3.200000151991844177e-02
4.800000041723251343e-02
6.400000303983688354e-02
7.999999821186065674e-02
9.600000083446502686e-02
1.120000034570693970e-01
1.280000060796737671e-01
1.439999938011169434e-01
1.599999964237213135e-01
1.759999990463256836e-01
1.920000016689300537e-01
2.080000042915344238e-01
2.240000069141387939e-01
2.399999946355819702e-01
2.560000121593475342e-01
2.720000147819519043e-01
2.879999876022338867e-01
3.039999902248382568e-01
3.199999928474426270e-01
3.359999954700469971e-01
3.519999980926513672e-01
3.680000007152557373e-01
3.840000033378601074e-01
4.000000059604644775e-01
4.160000085830688477e-01
4.320000112056732178e-01
4.480000138282775879e-01
4.639999866485595703e-01
4.799999892711639404e-01
4.959999918937683105e-01
5.120000243186950684e-01
5.279999971389770508e-01
5.440000295639038086e-01
5.600000023841857910e-01
5.759999752044677734e-01
5.920000076293945312e-01
6.079999804496765137e-01
6.240000128746032715e-01
6.399999856948852539e-01
6.560000181198120117e-01
6.719999909400939941e-01
6.880000233650207520e-01
7.039999961853027344e-01
7.200000286102294922e-01
7.360000014305114746e-01
7.519999742507934570e-01
7.680000066757202148e-01
7.839999794960021973e-01
8.000000119209289551e-01
8.159999847412109375e-01
8.320000171661376953e-01
8.479999899864196777e-01
8.640000224113464355e-01
8.799999952316284180e-01
8.960000276565551758e-01
9.120000004768371582e-01
9.279999732971191406e-01
9.440000057220458984e-01
9.599999785423278809e-01
9.760000109672546387e-01
9.919999837875366211e-01
8.000000379979610443e-03
2.400000020861625671e-02
3.999999910593032837e-02
5.600000172853469849e-02
7.199999690055847168e-02
8.799999952316284180e-02
1.040000021457672119e-01
1.199999973177909851e-01
1.360000073909759521e-01
1.519999951124191284e-01
1.679999977350234985e-01
1.840000003576278687e-01
2.000000029802322388e-01
2.160000056028366089e-01
2.319999933242797852e-01
2.479999959468841553e-01
2.639999985694885254e-01
2.800000011920928955e-01
2.960000038146972656e-01
3.120000064373016357e-01
3.280000090599060059e-01
3.440000116825103760e-01
3.600000143051147461e-01
3.759999871253967285e-01
3.919999897480010986e-01
4.079999923706054688e-01
4.239999949932098389e-01
4.399999976158142090e-01
4.560000002384185791e-01
4.720000028610229492e-01
4.880000054836273193e-01
5.040000081062316895e-01
5.199999809265136719e-01
5.360000133514404297e-01
5.519999861717224121e-01
5.680000185966491699e-01
5.839999914169311523e-01
6.000000238418579102e-01
6.159999966621398926e-01
6.320000290870666504e-01
6.480000019073486328e-01
6.639999747276306152e-01
6.800000071525573730e-01
6.959999799728393555e-01
7.120000123977661133e-01
7.279999852180480957e-01
7.440000176429748535e-01
7.599999904632568359e-01
7.760000228881835938e-01
7.919999957084655762e-01
8.080000281333923340e-01
8.240000009536743164e-01
8.399999737739562988e-01
8.560000061988830566e-01
8.719999790191650391e-01
8.880000114440917969e-01
9.039999842643737793e-01
9.200000166893005371e-01
9.359999895095825195e-01
9.520000219345092773e-01
9.679999947547912598e-01
9.840000271797180176e-01
7.347729178976093387e-16
1.600000075995922089e-02
3.200000151991844177e-02
4.800000041723251343e-02
6.400000303983688354e-02
7.999999821186065674e-02
9.600000083446502686e-02
1.120000034570693970e-01
1.280000060796737671e-01
1.439999938011169434e-01
1.599999964237213135e-01
1.759999990463256836e-01
1.920000016689300537e-01
2.080000042915344238e-01
2.240000069141387939e-01
2.399999946355819702e-01
2.560000121593475342e-01
2.720000147819519043e-01
2.879999876022338867e-01
3.039999902248382568e-01
3.199999928474426270e-01
3.359999954700469971e-01
3.519999980926513672e-01
3.680000007152557373e-01
3.840000033378601074e-01
4.000000059604644775e-01
4.160000085830688477e-01
4.320000112056732178e-01
4.480000138282775879e-01
4.639999866485595703e-01
4.799999892711639404e-01
4.959999918937683105e-01
5.120000243186950684e-01
5.279999971389770508e-01
5.440000295639038086e-01
5.600000023841857910e-01
5.759999752044677734e-01
5.920000076293945312e-01
6.079999804496765137e-01
6.240000128746032715e-01
6.399999856948852539e-01
6.560000181198120117e-01
6.719999909400939941e-01
6.880000233650207520e-01
7.039999961853027344e-01
7.200000286102294922e-01
7.360000014305114746e-01
7.519999742507934570e-01
7.680000066757202148e-01
7.839999794960021973e-01
8.000000119209289551e-01
8.159999847412109375e-01
8.320000171661376953e-01
8.479999899864196777e-01
8.640000224113464355e-01
8.799999952316284180e-01
8.960000276565551758e-01
9.120000004768371582e-01
9.279999732971191406e-01
9.440000057220458984e-01
9.599999785423278809e-01
9.760000109672546387e-01
9.919999837875366211e-01
8.000000379979610443e-03
2.400000020861625671e-02
3.999999910593032837e-02
5.600000172853469849e-02
7.199999690055847168e-02
8.799999952316284180e-02
1.040000021457672119e-01
1.199999973177909851e-01
1.360000073909759521e-01
1.519999951124191284e-01
1.679999977350234985e-01
1.840000003576278687e-01
2.000000029802322388e-01
2.160000056028366089e-01
2.319999933242797852e-01
2.479999959468841553e-01
2.639999985694885254e-01
2.800000011920928955e-01
2.960000038146972656e-01
3.120000064373016357e-01
3.280000090599060059e-01
3.440000116825103760e-01
3.600000143051147461e-01
3.759999871253967285e-01
3.919999897480010986e-01
4.079999923706054688e-01
4.239999949932098389e-01
4.399999976158142090e-01
4.560000002384185791e-01
4.720000028610229492e-01
4.880000054836273193e-01
5.040000081062316895e-01
5.199999809265136719e-01
5.360000133514404297e-01
5.519999861717224121e-01
5.680000185966491699e-01
5.839999914169311523e-01
6.000000238418579102e-01
6.159999966621398926e-01
6.320000290870666504e-01
6.480000019073486328e-01
6.639999747276306152e-01
6.800000071525573730e-01
6.959999799728393555e-01
7.120000123977661133e-01
7.279999852180480957e-01
7.440000176429748535e-01
7.599999904632568359e-01
7.760000228881835938e-01
7.919999957084655762e-01
8.080000281333923340e-01
8.240000009536743164e-01
8.399999737739562988e-01
8.560000061988830566e-01
8.719999790191650391e-01
8.880000114440917969e-01
9.039999842643737793e-01
9.200000166893005371e-01
9.359999895095825195e-01
9.520000219345092773e-01
9.679999947547912598e-01
9.840000271797180176e-01
0.000000000000000000e+00
1.600000075995922089e-02
3.200000151991844177e-02
4.800000041723251343e-02
6.400000303983688354e-02
7.999999821186065674e-02
9.600000083446502686e-02
1.120000034570693970e-01
1.280000060796737671e-01
1.439999938011169434e-01
1.599999964237213135e-01
1.759999990463256836e-01
1.920000016689300537e-01
2.080000042915344238e-01
2.240000069141387939e-01
2.399999946355819702e-01
2.560000121593475342e-01
2.720000147819519043e-01
2.879999876022338867e-01
3.039999902248382568e-01
3.199999928474426270e-01
3.359999954700469971e-01
3.519999980926513672e-01
3.680000007152557373e-01
3.840000033378601074e-01
4.000000059604644775e-01
4.160000085830688477e-01
4.320000112056732178e-01
4.480000138282775879e-01
4.639999866485595703e-01
4.799999892711639404e-01
4.959999918937683105e-01
5.120000243186950684e-01
5.279999971389770508e-01
5.440000295639038086e-01
5.600000023841857910e-01
5.759999752044677734e-01
5.920000076293945312e-01
6.079999804496765137e-01
6.240000128746032715e-01
6.399999856948852539e-01
6.560000181198120117e-01
6.719999909400939941e-01
6.880000233650207520e-01
7.039999961853027344e-01
7.200000286102294922e-01
7.360000014305114746e-01
7.519999742507934570e-01
7.680000066757202148e-01
7.839999794960021973e-01
8.000000119209289551e-01
8.159999847412109375e-01
8.320000171661376953e-01
8.479999899864196777e-01
8.640000224113464355e-01
8.799999952316284180e-01
8.960000276565551758e-01
9.120000004768371582e-01
9.279999732971191406e-01
9.440000057220458984e-01
9.599999785423278809e-01
9.760000109672546387e-01
9.919999837875366211e-01
8.000000379979610443e-03
2.400000020861625671e-02
3.999999910593032837e-02
5.600000172853469849e-02
7.199999690055847168e-02
8.799999952316284180e-02
1.040000021457672119e-01
1.199999973177909851e-01
1.360000073909759521e-01
1.519999951124191284e-01
1.679999977350234985e-01
1.840000003576278687e-01
2.000000029802322388e-01
2.160000056028366089e-01
2.319999933242797852e-01
2.479999959468841553e-01
2.639999985694885254e-01
2.800000011920928955e-01
2.960000038146972656e-01
3.120000064373016357e-01
3.280000090599060059e-01
3.440000116825103760e-01
3.600000143051147461e-01
3.759999871253967285e-01
3.919999897480010986e-01
4.079999923706054688e-01
4.239999949932098389e-01
4.399999976158142090e-01
4.560000002384185791e-01
4.720000028610229492e-01
4.880000054836273193e-01
5.040000081062316895e-01
5.199999809265136719e-01
5.360000133514404297e-01
5.519999861717224121e-01
5.680000185966491699e-01
5.839999914169311523e-01
6.000000238418579102e-01
6.159999966621398926e-01
6.320000290870666504e-01
6.480000019073486328e-01
6.639999747276306152e-01
6.800000071525573730e-01
6.959999799728393555e-01
7.120000123977661133e-01
7.279999852180480957e-01
7.440000176429748535e-01
7.599999904632568359e-01
7.760000228881835938e-01
7.919999957084655762e-01
8.080000281333923340e-01
8.240000009536743164e-01
8.399999737739562988e-01
8.560000061988830566e-01
8.719999790191650391e-01
8.880000114440917969e-01
9.039999842643737793e-01
9.200000166893005371e-01
9.359999895095825195e-01
9.520000219345092773e-01
9.679999947547912598e-01
9.840000271797180176e-01
1.000000000000000000e+00
8.000000379979610443e-03
1.600000075995922089e-02
2.400000020861625671e-02
3.200000151991844177e-02
3.999999910593032837e-02
4.800000041723251343e-02
5.600000172853469849e-02
6.400000303983688354e-02
7.199999690055847168e-02
7.999999821186065674e-02
8.799999952316284180e-02
9.600000083446502686e-02
1.040000021457672119e-01
1.120000034570693970e-01
1.199999973177909851e-01
1.280000060796737671e-01
1.360000073909759521e-01
1.439999938011169434e-01
1.519999951124191284e-01
1.599999964237213135e-01
1.679999977350234985e-01
1.759999990463256836e-01
1.840000003576278687e-01
1.920000016689300537e-01
2.000000029802322388e-01
2.080000042915344238e-01
2.160000056028366089e-01
2.240000069141387939e-01
2.319999933242797852e-01
2.399999946355819702e-01
2.479999959468841553e-01
2.560000121593475342e-01
2.639999985694885254e-01
2.720000147819519043e-01
2.800000011920928955e-01
2.879999876022338867e-01
2.960000038146972656e-01
3.039999902248382568e-01
3.120000064373016357e-01
3.199999928474426270e-01
3.280000090599060059e-01
3.359999954700469971e-01
3.440000116825103760e-01
3.519999980926513672e-01
3.600000143051147461e-01
3.680000007152557373e-01
3.759999871253967285e-01
3.840000033378601074e-01
3.919999897480010986e-01
4.000000059604644775e-01
4.079999923706054688e-01
4.160000085830688477e-01
4.239999949932098389e-01
4.320000112056732178e-01
4.399999976158142090e-01
4.480000138282775879e-01
4.560000002384185791e-01
4.639999866485595703e-01
4.720000028610229492e-01
4.799999892711639404e-01
4.880000054836273193e-01
4.959999918937683105e-01
5.040000081062316895e-01
5.120000243186950684e-01
5.199999809265136719e-01
5.279999971389770508e-01
5.360000133514404297e-01
5.440000295639038086e-01
5.519999861717224121e-01
5.600000023841857910e-01
5.680000185966491699e-01
5.759999752044677734e-01
5.839999914169311523e-01
5.920000076293945312e-01
6.000000238418579102e-01
6.079999804496765137e-01
6.159999966621398926e-01
6.240000128746032715e-01
6.320000290870666504e-01
6.399999856948852539e-01
6.480000019073486328e-01
6.560000181198120117e-01
6.639999747276306152e-01
6.719999909400939941e-01
6.800000071525573730e-01
6.880000233650207520e-01
6.959999799728393555e-01
7.039999961853027344e-01
7.120000123977661133e-01
7.200000286102294922e-01
7.279999852180480957e-01
7.360000014305114746e-01
7.440000176429748535e-01
7.519999742507934570e-01
7.599999904632568359e-01
7.680000066757202148e-01
7.760000228881835938e-01
7.839999794960021973e-01
7.919999957084655762e-01
8.000000119209289551e-01
8.080000281333923340e-01
8.159999847412109375e-01
8.240000009536743164e-01
8.320000171661376953e-01
8.399999737739562988e-01
8.479999899864196777e-01
8.560000061988830566e-01
8.640000224113464355e-01
8.719999790191650391e-01
8.799999952316284180e-01
8.880000114440917969e-01
8.960000276565551758e-01
9.039999842643737793e-01
9.120000004768371582e-01
9.200000166893005371e-01
9.279999732971191406e-01
9.359999895095825195e-01
9.440000057220458984e-01
9.520000219345092773e-01
9.599999785423278809e-01
9.679999947547912598e-01
9.760000109672546387e-01
9.840000271797180176e-01
9.919999837875366211e-01
1.000000000000000000e+00
