0.000000000000000000e+00
8.500000461935997009e-03
1.700000092387199402e-02
2.549999952316284180e-02
3.400000184774398804e-02
4.250000044703483582e-02
5.099999904632568359e-02
5.950000137090682983e-02
6.800000369548797607e-02
7.649999856948852539e-02
8.500000089406967163e-02
9.350000321865081787e-02
1.019999980926513672e-01
1.105000004172325134e-01
1.190000027418136597e-01
1.274999976158142090e-01
1.360000073909759521e-01
1.445000022649765015e-01
1.529999971389770508e-01
1.615000069141387939e-01
1.700000017881393433e-01
1.784999966621398926e-01
1.870000064373016357e-01
1.955000013113021851e-01
2.039999961853027344e-01
2.125000059604644775e-01
2.210000008344650269e-01
2.294999957084655762e-01
2.380000054836273193e-01
2.465000003576278687e-01
2.549999952316284180e-01
2.635000050067901611e-01
2.720000147819519043e-01
2.804999947547912598e-01
2.890000045299530029e-01
2.975000143051147461e-01
3.059999942779541016e-01
3.145000040531158447e-01
3.230000138282775879e-01
3.314999938011169434e-01
3.400000035762786865e-01
3.485000133514404297e-01
3.569999933242797852e-01
3.655000030994415283e-01
3.740000128746032715e-01
3.824999928474426270e-01
3.910000026226043701e-01
3.995000123977661133e-01
4.079999923706054688e-01
4.165000021457672119e-01
4.250000119209289551e-01
4.334999918937683105e-01
4.420000016689300537e-01
4.505000114440917969e-01
4.589999914169311523e-01
4.675000011920928955e-01
4.760000109672546387e-01
4.844999909400939941e-01
4.930000007152557373e-01
5.015000104904174805e-01
5.099999904632568359e-01
5.184999704360961914e-01
5.270000100135803223e-01
5.354999899864196777e-01
5.440000295639038086e-01
5.525000095367431641e-01
5.609999895095825195e-01
5.695000290870666504e-01
5.780000090599060059e-01
5.864999890327453613e-01
5.950000286102294922e-01
6.035000085830688477e-01
6.119999885559082031e-01
6.205000281333923340e-01
6.290000081062316895e-01
6.374999880790710449e-01
6.460000276565551758e-01
6.545000076293945312e-01
6.629999876022338867e-01
6.715000271797180176e-01
6.800000071525573730e-01
6.884999871253967285e-01
6.970000267028808594e-01
7.055000066757202148e-01
7.139999866485595703e-01
7.225000262260437012e-01
7.310000061988830566e-01
7.394999861717224121e-01
7.480000257492065430e-01
7.565000057220458984e-01
7.649999856948852539e-01
7.735000252723693848e-01
7.820000052452087402e-01
7.904999852180480957e-01
7.990000247955322266e-01
8.075000047683715820e-01
8.159999847412109375e-01
8.245000243186950684e-01
8.330000042915344238e-01
8.414999842643737793e-01
8.500000238418579102e-01
8.585000038146972656e-01
8.669999837875366211e-01
8.755000233650207520e-01
8.840000033378601074e-01
8.924999833106994629e-01
9.010000228881835938e-01
9.095000028610229492e-01
9.179999828338623047e-01
9.265000224113464355e-01
9.350000023841857910e-01
9.434999823570251465e-01
9.520000219345092773e-01
9.605000019073486328e-01
9.689999818801879883e-01
9.775000214576721191e-01
9.860000014305114746e-01
9.944999814033508301e-01
4.000000189989805222e-03
1.533333305269479752e-02
2.666666731238365173e-02
3.799999877810478210e-02
4.933333396911621094e-02
6.066666543483734131e-02
7.199999690055847168e-02
8.333333581686019897e-02
9.466666728258132935e-02
1.059999987483024597e-01
1.173333302140235901e-01
1.286666691303253174e-01
1.400000005960464478e-01
1.513333320617675781e-01
1.626666635274887085e-01
1.739999949932098389e-01
1.853333264589309692e-01
1.966666728258132935e-01
2.080000042915344238e-01
2.193333357572555542e-01
2.306666672229766846e-01
2.419999986886978149e-01
2.533333301544189453e-01
2.646666765213012695e-01
2.759999930858612061e-01
2.873333394527435303e-01
2.986666560173034668e-01
3.100000023841857910e-01
3.213333189487457275e-01
3.326666653156280518e-01
3.440000116825103760e-01
3.553333282470703125e-01
3.666666746139526367e-01
3.779999911785125732e-01
3.893333375453948975e-01
4.006666541099548340e-01
4.120000004768371582e-01
4.233333468437194824e-01
4.346666634082794189e-01
4.460000097751617432e-01
4.573333263397216797e-01
4.686666727066040039e-01
4.799999892711639404e-01
4.913333356380462646e-01
5.026666522026062012e-01
5.139999985694885254e-01
5.253333449363708496e-01
5.366666913032531738e-01
5.479999780654907227e-01
5.593333244323730469e-01
5.706666707992553711e-01
5.820000171661376953e-01
5.933333039283752441e-01
6.046666502952575684e-01
6.159999966621398926e-01
6.273333430290222168e-01
6.386666893959045410e-01
6.499999761581420898e-01
6.613333225250244141e-01
6.726666688919067383e-01
6.840000152587890625e-01
6.953333616256713867e-01
7.066666483879089355e-01
7.179999947547912598e-01
7.293333411216735840e-01
7.406666874885559082e-01
7.519999742507934570e-01
7.633333206176757812e-01
7.746666669845581055e-01
7.860000133514404297e-01
7.973333597183227539e-01
8.086666464805603027e-01
8.199999928474426270e-01
8.313333392143249512e-01
8.426666855812072754e-01
8.539999723434448242e-01
8.653333187103271484e-01
8.766666650772094727e-01
8.880000114440917969e-01
8.993333578109741211e-01
9.106666445732116699e-01
9.219999909400939941e-01
9.333333373069763184e-01
9.446666836738586426e-01
9.559999704360961914e-01
9.673333168029785156e-01
9.786666631698608398e-01
9.900000095367431641e-01
2.000000094994902611e-03
1.899999938905239105e-02
3.599999845027923584e-02
5.299999937415122986e-02
7.000000029802322388e-02
8.699999749660491943e-02
1.040000021457672119e-01
1.209999993443489075e-01
1.379999965429306030e-01
1.550000011920928955e-01
1.720000058412551880e-01
1.889999955892562866e-01
2.060000002384185791e-01
2.230000048875808716e-01
2.399999946355819702e-01
2.569999992847442627e-01
2.739999890327453613e-01
2.910000085830688477e-01
3.079999983310699463e-01
3.249999880790710449e-01
3.420000076293945312e-01
3.589999973773956299e-01
3.759999871253967285e-01
3.930000066757202148e-01
4.099999964237213135e-01
4.269999861717224121e-01
4.440000057220458984e-01
4.609999954700469971e-01
4.779999852180480957e-01
4.950000047683715820e-01
5.120000243186950684e-01
5.289999842643737793e-01
5.460000038146972656e-01
5.630000233650207520e-01
5.799999833106994629e-01
5.970000028610229492e-01
6.140000224113464355e-01
6.309999823570251465e-01
6.480000019073486328e-01
6.650000214576721191e-01
6.819999814033508301e-01
6.990000009536743164e-01
7.160000205039978027e-01
7.329999804496765137e-01
7.500000000000000000e-01
7.670000195503234863e-01
7.839999794960021973e-01
8.009999990463256836e-01
8.180000185966491699e-01
8.349999785423278809e-01
8.519999980926513672e-01
8.690000176429748535e-01
8.859999775886535645e-01
9.029999971389770508e-01
9.200000166893005371e-01
9.369999766349792480e-01
9.539999961853027344e-01
9.710000157356262207e-01
9.879999756813049316e-01
4.999999888241291046e-03
2.199999988079071045e-02
3.900000080466270447e-02
5.600000172853469849e-02
7.299999892711639404e-02
9.000000357627868652e-02
1.070000007748603821e-01
1.239999979734420776e-01
1.410000026226043701e-01
1.580000072717666626e-01
1.749999970197677612e-01
1.920000016689300537e-01
2.090000063180923462e-01
2.259999960660934448e-01
2.430000007152557373e-01
2.599999904632568359e-01
2.770000100135803223e-01
2.939999997615814209e-01
3.109999895095825195e-01
3.280000090599060059e-01
3.449999988079071045e-01
3.619999885559082031e-01
3.790000081062316895e-01
3.959999978542327881e-01
4.129999876022338867e-01
4.300000071525573730e-01
4.469999969005584717e-01
4.639999866485595703e-01
4.810000061988830566e-01
4.979999959468841553e-01
5.149999856948852539e-01
5.320000052452087402e-01
5.490000247955322266e-01
5.659999847412109375e-01
5.830000042915344238e-01
6.000000238418579102e-01
6.169999837875366211e-01
6.340000033378601074e-01
6.510000228881835938e-01
6.679999828338623047e-01
6.850000023841857910e-01
7.020000219345092773e-01
7.189999818801879883e-01
7.360000014305114746e-01
7.530000209808349609e-01
7.699999809265136719e-01
7.870000004768371582e-01
8.040000200271606445e-01
8.209999799728393555e-01
8.379999995231628418e-01
8.550000190734863281e-01
8.719999790191650391e-01
8.889999985694885254e-01
9.060000181198120117e-01
9.229999780654907227e-01
9.399999976158142090e-01
9.570000171661376953e-01
9.739999771118164062e-01
9.909999966621398926e-01
8.000000379979610443e-03
2.500000037252902985e-02
4.199999943375587463e-02
5.900000035762786865e-02
7.599999755620956421e-02
9.300000220537185669e-02
1.099999994039535522e-01
1.270000040531158447e-01
1.439999938011169434e-01
1.609999984502792358e-01
1.780000030994415283e-01
1.949999928474426270e-01
2.119999974966049194e-01
2.290000021457672119e-01
2.460000067949295044e-01
2.630000114440917969e-01
2.800000011920928955e-01
2.969999909400939941e-01
3.140000104904174805e-01
3.310000002384185791e-01
3.479999899864196777e-01
3.650000095367431641e-01
3.819999992847442627e-01
3.989999890327453613e-01
4.160000085830688477e-01
4.329999983310699463e-01
4.499999880790710449e-01
4.670000076293945312e-01
4.839999973773956299e-01
5.009999871253967285e-01
5.180000066757202148e-01
5.350000262260437012e-01
5.519999861717224121e-01
5.690000057220458984e-01
5.860000252723693848e-01
6.029999852180480957e-01
6.200000047683715820e-01
6.370000243186950684e-01
6.539999842643737793e-01
6.710000038146972656e-01
6.880000233650207520e-01
7.049999833106994629e-01
7.220000028610229492e-01
7.390000224113464355e-01
7.559999823570251465e-01
7.730000019073486328e-01
7.900000214576721191e-01
8.069999814033508301e-01
8.240000009536743164e-01
8.410000205039978027e-01
8.579999804496765137e-01
8.750000000000000000e-01
8.920000195503234863e-01
9.089999794960021973e-01
9.259999990463256836e-01
9.430000185966491699e-01
9.599999785423278809e-01
9.769999980926513672e-01
9.940000176429748535e-01
1.099999994039535522e-02
2.800000086426734924e-02
4.500000178813934326e-02
6.199999898672103882e-02
7.900000363588333130e-02
9.600000083446502686e-02
1.129999980330467224e-01
1.299999952316284180e-01
1.469999998807907104e-01
1.640000045299530029e-01
1.809999942779541016e-01
1.979999989271163940e-01
2.150000035762786865e-01
2.319999933242797852e-01
2.489999979734420776e-01
2.660000026226043701e-01
2.829999923706054688e-01
3.000000119209289551e-01
3.170000016689300537e-01
3.339999914169311523e-01
3.510000109672546387e-01
3.680000007152557373e-01
3.849999904632568359e-01
4.020000100135803223e-01
4.189999997615814209e-01
4.359999895095825195e-01
4.530000090599060059e-01
4.699999988079071045e-01
4.869999885559082031e-01
5.040000081062316895e-01
5.210000276565551758e-01
5.379999876022338867e-01
5.550000071525573730e-01
5.720000267028808594e-01
5.889999866485595703e-01
6.060000061988830566e-01
6.230000257492065430e-01
6.399999856948852539e-01
6.570000052452087402e-01
6.740000247955322266e-01
6.909999847412109375e-01
7.080000042915344238e-01
7.250000238418579102e-01
7.419999837875366211e-01
7.590000033378601074e-01
7.760000228881835938e-01
7.929999828338623047e-01
8.100000023841857910e-01
8.270000219345092773e-01
8.439999818801879883e-01
8.610000014305114746e-01
8.780000209808349609e-01
8.949999809265136719e-01
9.120000004768371582e-01
9.290000200271606445e-01
9.459999799728393555e-01
9.629999995231628418e-01
9.800000190734863281e-01
9.969999790191650391e-01
2.800000086426734924e-02
6.199999898672103882e-02
9.600000083446502686e-02
1.299999952316284180e-01
1.640000045299530029e-01
1.979999989271163940e-01
2.319999933242797852e-01
2.660000026226043701e-01
3.000000119209289551e-01
3.339999914169311523e-01
3.680000007152557373e-01
4.020000100135803223e-01
4.359999895095825195e-01
4.699999988079071045e-01
5.040000081062316895e-01
5.379999876022338867e-01
5.720000267028808594e-01
6.060000061988830566e-01
6.399999856948852539e-01
6.740000247955322266e-01
7.080000042915344238e-01
7.419999837875366211e-01
7.760000228881835938e-01
8.100000023841857910e-01
8.439999818801879883e-01
8.780000209808349609e-01
9.120000004768371582e-01
9.459999799728393555e-01
9.800000190734863281e-01
7.000000216066837311e-03
2.400000020861625671e-02
4.100000113248825073e-02
5.799999833106994629e-02
7.500000298023223877e-02
9.200000017881393433e-02
1.089999973773956299e-01
1.260000020265579224e-01
1.430000066757202148e-01
1.599999964237213135e-01
1.770000010728836060e-01
1.940000057220458984e-01
2.109999954700469971e-01
2.280000001192092896e-01
2.450000047683715820e-01
2.619999945163726807e-01
2.790000140666961670e-01
2.960000038146972656e-01
3.129999935626983643e-01
3.300000131130218506e-01
3.470000028610229492e-01
3.639999926090240479e-01
3.810000121593475342e-01
3.980000019073486328e-01
4.149999916553497314e-01
4.320000112056732178e-01
4.490000009536743164e-01
4.659999907016754150e-01
4.830000102519989014e-01
5.000000000000000000e-01
5.170000195503234863e-01
5.339999794960021973e-01
5.509999990463256836e-01
5.680000185966491699e-01
5.849999785423278809e-01
6.019999980926513672e-01
6.190000176429748535e-01
6.359999775886535645e-01
6.529999971389770508e-01
6.700000166893005371e-01
6.869999766349792480e-01
7.039999961853027344e-01
7.210000157356262207e-01
7.379999756813049316e-01
7.549999952316284180e-01
7.720000147819519043e-01
7.889999747276306152e-01
8.059999942779541016e-01
8.230000138282775879e-01
8.399999737739562988e-01
8.569999933242797852e-01
8.740000128746032715e-01
8.909999728202819824e-01
9.079999923706054688e-01
9.250000119209289551e-01
9.419999718666076660e-01
9.589999914169311523e-01
9.760000109672546387e-01
9.929999709129333496e-01
1.999999955296516418e-02
5.400000140070915222e-02
8.799999952316284180e-02
1.220000013709068298e-01
1.560000032186508179e-01
1.899999976158142090e-01
2.240000069141387939e-01
2.579999864101409912e-01
2.919999957084655762e-01
3.260000050067901611e-01
3.600000143051147461e-01
3.939999938011169434e-01
4.280000030994415283e-01
4.620000123977661133e-01
4.959999918937683105e-01
5.299999713897705078e-01
5.640000104904174805e-01
5.979999899864196777e-01
6.320000290870666504e-01
6.660000085830688477e-01
6.999999880790710449e-01
7.340000271797180176e-01
7.680000066757202148e-01
8.019999861717224121e-01
8.360000252723693848e-01
8.700000047683715820e-01
9.039999842643737793e-01
9.380000233650207520e-01
9.720000028610229492e-01
3.000000026077032089e-03
1.999999955296516418e-02
3.700000047683715820e-02
5.400000140070915222e-02
7.100000232458114624e-02
8.799999952316284180e-02
1.049999967217445374e-01
1.220000013709068298e-01
1.389999985694885254e-01
1.560000032186508179e-01
1.729999929666519165e-01
1.899999976158142090e-01
2.070000022649765015e-01
2.240000069141387939e-01
2.409999966621398926e-01
2.579999864101409912e-01
2.750000059604644775e-01
2.919999957084655762e-01
3.089999854564666748e-01
3.260000050067901611e-01
3.429999947547912598e-01
3.600000143051147461e-01
3.770000040531158447e-01
3.939999938011169434e-01
4.110000133514404297e-01
4.280000030994415283e-01
4.449999928474426270e-01
4.620000123977661133e-01
4.790000021457672119e-01
4.959999918937683105e-01
5.130000114440917969e-01
5.299999713897705078e-01
5.469999909400939941e-01
5.640000104904174805e-01
5.809999704360961914e-01
5.979999899864196777e-01
6.150000095367431641e-01
6.320000290870666504e-01
6.489999890327453613e-01
6.660000085830688477e-01
6.830000281333923340e-01
6.999999880790710449e-01
7.170000076293945312e-01
7.340000271797180176e-01
7.509999871253967285e-01
7.680000066757202148e-01
7.850000262260437012e-01
8.019999861717224121e-01
8.190000057220458984e-01
8.360000252723693848e-01
8.529999852180480957e-01
8.700000047683715820e-01
8.870000243186950684e-01
9.039999842643737793e-01
9.210000038146972656e-01
9.380000233650207520e-01
9.549999833106994629e-01
9.720000028610229492e-01
9.890000224113464355e-01
6.000000052154064178e-03
2.300000004470348358e-02
3.999999910593032837e-02
5.700000002980232239e-02
7.400000095367431641e-02
9.099999815225601196e-02
1.080000028014183044e-01
1.250000000000000000e-01
1.420000046491622925e-01
1.589999943971633911e-01
1.759999990463256836e-01
1.930000036954879761e-01
2.099999934434890747e-01
2.269999980926513672e-01
2.440000027418136597e-01
2.610000073909759521e-01
2.779999971389770508e-01
2.949999868869781494e-01
3.120000064373016357e-01
3.289999961853027344e-01
3.459999859333038330e-01
3.630000054836273193e-01
3.799999952316284180e-01
3.970000147819519043e-01
4.140000045299530029e-01
4.309999942779541016e-01
4.480000138282775879e-01
4.650000035762786865e-01
4.819999933242797852e-01
4.990000128746032715e-01
5.159999728202819824e-01
5.329999923706054688e-01
5.500000119209289551e-01
5.669999718666076660e-01
5.839999914169311523e-01
6.010000109672546387e-01
6.179999709129333496e-01
6.349999904632568359e-01
6.520000100135803223e-01
6.690000295639038086e-01
6.859999895095825195e-01
7.030000090599060059e-01
7.200000286102294922e-01
7.369999885559082031e-01
7.540000081062316895e-01
7.710000276565551758e-01
7.879999876022338867e-01
8.050000071525573730e-01
8.220000267028808594e-01
8.389999866485595703e-01
8.560000061988830566e-01
8.730000257492065430e-01
8.899999856948852539e-01
9.070000052452087402e-01
9.240000247955322266e-01
9.409999847412109375e-01
9.580000042915344238e-01
9.750000238418579102e-01
9.919999837875366211e-01
8.999999612569808960e-03
2.600000053644180298e-02
4.300000146031379700e-02
5.999999865889549255e-02
7.699999958276748657e-02
9.399999678134918213e-02
1.110000014305114746e-01
1.280000060796737671e-01
1.449999958276748657e-01
1.620000004768371582e-01
1.790000051259994507e-01
1.959999948740005493e-01
2.129999995231628418e-01
2.300000041723251343e-01
2.469999939203262329e-01
2.639999985694885254e-01
2.809999883174896240e-01
2.980000078678131104e-01
3.149999976158142090e-01
3.319999873638153076e-01
3.490000069141387939e-01
3.659999966621398926e-01
3.829999864101409912e-01
4.000000059604644775e-01
4.169999957084655762e-01
4.339999854564666748e-01
4.510000050067901611e-01
4.679999947547912598e-01
4.850000143051147461e-01
5.019999742507934570e-01
5.189999938011169434e-01
5.360000133514404297e-01
5.529999732971191406e-01
5.699999928474426270e-01
5.870000123977661133e-01
6.039999723434448242e-01
6.209999918937683105e-01
6.380000114440917969e-01
6.549999713897705078e-01
6.719999909400939941e-01
6.890000104904174805e-01
7.059999704360961914e-01
7.229999899864196777e-01
7.400000095367431641e-01
7.570000290870666504e-01
7.739999890327453613e-01
7.910000085830688477e-01
8.080000281333923340e-01
8.249999880790710449e-01
8.420000076293945312e-01
8.590000271797180176e-01
8.759999871253967285e-01
8.930000066757202148e-01
9.100000262260437012e-01
9.269999861717224121e-01
9.440000057220458984e-01
9.610000252723693848e-01
9.779999852180480957e-01
9.950000047683715820e-01
1.200000010430812836e-02
2.899999916553497314e-02
4.600000008940696716e-02
6.300000101327896118e-02
7.999999821186065674e-02
9.700000286102294922e-02
1.140000000596046448e-01
1.309999972581863403e-01
1.480000019073486328e-01
1.650000065565109253e-01
1.819999963045120239e-01
1.990000009536743164e-01
2.160000056028366089e-01
2.329999953508377075e-01
2.500000000000000000e-01
2.669999897480010986e-01
2.840000092983245850e-01
3.009999990463256836e-01
3.179999887943267822e-01
3.350000083446502686e-01
3.519999980926513672e-01
3.689999878406524658e-01
3.860000073909759521e-01
4.029999971389770508e-01
4.199999868869781494e-01
4.370000064373016357e-01
4.539999961853027344e-01
4.709999859333038330e-01
4.880000054836273193e-01
5.049999952316284180e-01
5.220000147819519043e-01
5.389999747276306152e-01
5.559999942779541016e-01
5.730000138282775879e-01
5.899999737739562988e-01
6.069999933242797852e-01
6.240000128746032715e-01
6.409999728202819824e-01
6.579999923706054688e-01
6.750000119209289551e-01
6.919999718666076660e-01
7.089999914169311523e-01
7.260000109672546387e-01
7.429999709129333496e-01
7.599999904632568359e-01
7.770000100135803223e-01
7.940000295639038086e-01
8.109999895095825195e-01
8.280000090599060059e-01
8.450000286102294922e-01
8.619999885559082031e-01
8.790000081062316895e-01
8.960000276565551758e-01
9.129999876022338867e-01
9.300000071525573730e-01
9.470000267028808594e-01
9.639999866485595703e-01
9.810000061988830566e-01
9.980000257492065430e-01
9.999999776482582092e-03
2.133333310484886169e-02
3.266666829586029053e-02
4.399999976158142090e-02
5.533333495259284973e-02
6.666667014360427856e-02
7.800000160932540894e-02
8.933333307504653931e-02
1.006666645407676697e-01
1.120000034570693970e-01
1.233333349227905273e-01
1.346666663885116577e-01
1.459999978542327881e-01
1.573333293199539185e-01
1.686666607856750488e-01
1.800000071525573730e-01
1.913333386182785034e-01
2.026666700839996338e-01
2.140000015497207642e-01
2.253333330154418945e-01
2.366666644811630249e-01
2.479999959468841553e-01
2.593333423137664795e-01
2.706666588783264160e-01
2.820000052452087402e-01
2.933333218097686768e-01
3.046666681766510010e-01
3.160000145435333252e-01
3.273333311080932617e-01
3.386666774749755859e-01
3.499999940395355225e-01
3.613333404064178467e-01
3.726666569709777832e-01
3.840000033378601074e-01
3.953333199024200439e-01
4.066666662693023682e-01
4.180000126361846924e-01
4.293333292007446289e-01
4.406666755676269531e-01
4.519999921321868896e-01
4.633333384990692139e-01
4.746666550636291504e-01
4.860000014305114746e-01
4.973333477973937988e-01
5.086666941642761230e-01
5.199999809265136719e-01
5.313333272933959961e-01
5.426666736602783203e-01
5.540000200271606445e-01
5.653333067893981934e-01
5.766666531562805176e-01
5.879999995231628418e-01
5.993333458900451660e-01
6.106666922569274902e-01
6.219999790191650391e-01
6.333333253860473633e-01
6.446666717529296875e-01
6.560000181198120117e-01
6.673333048820495605e-01
6.786666512489318848e-01
6.899999976158142090e-01
7.013333439826965332e-01
7.126666903495788574e-01
7.239999771118164062e-01
7.353333234786987305e-01
7.466666698455810547e-01
7.580000162124633789e-01
7.693333625793457031e-01
7.806666493415832520e-01
7.919999957084655762e-01
8.033333420753479004e-01
8.146666884422302246e-01
8.259999752044677734e-01
8.373333215713500977e-01
8.486666679382324219e-01
8.600000143051147461e-01
8.713333606719970703e-01
8.826666474342346191e-01
8.939999938011169434e-01
9.053333401679992676e-01
9.166666865348815918e-01
9.279999732971191406e-01
9.393333196640014648e-01
9.506666660308837891e-01
9.620000123977661133e-01
9.733333587646484375e-01
9.846666455268859863e-01
9.959999918937683105e-01
5.499999970197677612e-03
1.400000043213367462e-02
2.250000089406967163e-02
3.099999949336051941e-02
3.950000181794166565e-02
4.800000041723251343e-02
5.649999901652336121e-02
6.499999761581420898e-02
7.349999994039535522e-02
8.200000226497650146e-02
9.049999713897705078e-02
9.899999946355819702e-02
1.075000017881393433e-01
1.159999966621398926e-01
1.244999989867210388e-01
1.330000013113021851e-01
1.414999961853027344e-01
1.500000059604644775e-01
1.585000008344650269e-01
1.669999957084655762e-01
1.755000054836273193e-01
1.840000003576278687e-01
1.924999952316284180e-01
2.010000050067901611e-01
2.094999998807907104e-01
2.179999947547912598e-01
2.265000045299530029e-01
2.349999994039535522e-01
2.434999942779541016e-01
2.520000040531158447e-01
2.605000138282775879e-01
2.689999938011169434e-01
2.775000035762786865e-01
2.860000133514404297e-01
2.944999933242797852e-01
3.030000030994415283e-01
3.115000128746032715e-01
3.199999928474426270e-01
3.285000026226043701e-01
3.370000123977661133e-01
3.454999923706054688e-01
3.540000021457672119e-01
3.625000119209289551e-01
3.709999918937683105e-01
3.795000016689300537e-01
3.880000114440917969e-01
3.964999914169311523e-01
4.050000011920928955e-01
4.135000109672546387e-01
4.219999909400939941e-01
4.305000007152557373e-01
4.390000104904174805e-01
4.474999904632568359e-01
4.560000002384185791e-01
4.645000100135803223e-01
4.729999899864196777e-01
4.814999997615814209e-01
4.900000095367431641e-01
4.984999895095825195e-01
5.070000290870666504e-01
5.155000090599060059e-01
5.239999890327453613e-01
5.325000286102294922e-01
5.410000085830688477e-01
5.494999885559082031e-01
5.580000281333923340e-01
5.665000081062316895e-01
5.749999880790710449e-01
5.835000276565551758e-01
5.920000076293945312e-01
6.004999876022338867e-01
6.090000271797180176e-01
6.175000071525573730e-01
6.259999871253967285e-01
6.345000267028808594e-01
6.430000066757202148e-01
6.514999866485595703e-01
6.600000262260437012e-01
6.685000061988830566e-01
6.769999861717224121e-01
6.855000257492065430e-01
6.940000057220458984e-01
7.024999856948852539e-01
7.110000252723693848e-01
7.195000052452087402e-01
7.279999852180480957e-01
7.365000247955322266e-01
7.450000047683715820e-01
7.534999847412109375e-01
7.620000243186950684e-01
7.705000042915344238e-01
7.789999842643737793e-01
7.875000238418579102e-01
7.960000038146972656e-01
8.044999837875366211e-01
8.130000233650207520e-01
8.215000033378601074e-01
8.299999833106994629e-01
8.385000228881835938e-01
8.470000028610229492e-01
8.554999828338623047e-01
8.640000224113464355e-01
8.725000023841857910e-01
8.809999823570251465e-01
8.895000219345092773e-01
8.980000019073486328e-01
9.064999818801879883e-01
9.150000214576721191e-01
9.235000014305114746e-01
9.319999814033508301e-01
9.405000209808349609e-01
9.490000009536743164e-01
9.574999809265136719e-01
9.660000205039978027e-01
9.745000004768371582e-01
9.829999804496765137e-01
9.915000200271606445e-01
1.000000000000000000e+00
