0.000000000000000000e+00
5.333333276212215424e-03
1.066666655242443085e-02
1.600000075995922089e-02
2.133333310484886169e-02
2.666666731238365173e-02
3.200000151991844177e-02
3.733333200216293335e-02
4.266666620969772339e-02
4.800000041723251343e-02
5.333333462476730347e-02
5.866666510701179504e-02
6.400000303983688354e-02
6.933332979679107666e-02
7.466666400432586670e-02
7.999999821186065674e-02
8.533333241939544678e-02
9.066666662693023682e-02
9.600000083446502686e-02
1.013333350419998169e-01
1.066666692495346069e-01
1.120000034570693970e-01
1.173333302140235901e-01
1.226666644215583801e-01
1.280000060796737671e-01
1.333333402872085571e-01
1.386666595935821533e-01
1.439999938011169434e-01
1.493333280086517334e-01
1.546666622161865234e-01
1.599999964237213135e-01
1.653333306312561035e-01
1.706666648387908936e-01
1.759999990463256836e-01
1.813333332538604736e-01
1.866666674613952637e-01
1.920000016689300537e-01
1.973333358764648438e-01
2.026666700839996338e-01
2.080000042915344238e-01
2.133333384990692139e-01
2.186666727066040039e-01
2.240000069141387939e-01
2.293333262205123901e-01
2.346666604280471802e-01
2.399999946355819702e-01
2.453333288431167603e-01
2.506666779518127441e-01
2.560000121593475342e-01
2.613333463668823242e-01
2.666666805744171143e-01
2.720000147819519043e-01
2.773333191871643066e-01
2.826666533946990967e-01
2.879999876022338867e-01
2.933333218097686768e-01
2.986666560173034668e-01
3.039999902248382568e-01
3.093333244323730469e-01
3.146666586399078369e-01
3.199999928474426270e-01
3.253333270549774170e-01
3.306666612625122070e-01
3.359999954700469971e-01
3.413333296775817871e-01
3.466666638851165771e-01
3.519999980926513672e-01
3.573333323001861572e-01
3.626666665077209473e-01
3.680000007152557373e-01
3.733333349227905273e-01
3.786666691303253174e-01
3.840000033378601074e-01
3.893333375453948975e-01
3.946666717529296875e-01
4.000000059604644775e-01
4.053333401679992676e-01
4.106666743755340576e-01
4.160000085830688477e-01
4.213333427906036377e-01
4.266666769981384277e-01
4.320000112056732178e-01
4.373333454132080078e-01
4.426666796207427979e-01
4.480000138282775879e-01
4.533333480358123779e-01
4.586666524410247803e-01
4.639999866485595703e-01
4.693333208560943604e-01
4.746666550636291504e-01
4.799999892711639404e-01
4.853333234786987305e-01
4.906666576862335205e-01
4.959999918937683105e-01
5.013333559036254883e-01
5.066666603088378906e-01
5.120000243186950684e-01
5.173333287239074707e-01
5.226666927337646484e-01
5.279999971389770508e-01
5.333333611488342285e-01
5.386666655540466309e-01
5.440000295639038086e-01
5.493333339691162109e-01
5.546666383743286133e-01
5.600000023841857910e-01
5.653333067893981934e-01
5.706666707992553711e-01
5.759999752044677734e-01
5.813333392143249512e-01
5.866666436195373535e-01
5.920000076293945312e-01
5.973333120346069336e-01
6.026666760444641113e-01
6.079999804496765137e-01
6.133333444595336914e-01
6.186666488647460938e-01
6.240000128746032715e-01
6.293333172798156738e-01
6.346666812896728516e-01
6.399999856948852539e-01
6.453333497047424316e-01
6.506666541099548340e-01
6.560000181198120117e-01
6.613333225250244141e-01
6.666666865348815918e-01
6.719999909400939941e-01
6.773333549499511719e-01
6.826666593551635742e-01
6.880000233650207520e-01
6.933333277702331543e-01
6.986666917800903320e-01
7.039999961853027344e-01
7.093333601951599121e-01
7.146666646003723145e-01
7.200000286102294922e-01
7.253333330154418945e-01
7.306666374206542969e-01
7.360000014305114746e-01
7.413333058357238770e-01
7.466666698455810547e-01
7.519999742507934570e-01
7.573333382606506348e-01
7.626666426658630371e-01
7.680000066757202148e-01
7.733333110809326172e-01
7.786666750907897949e-01
7.839999794960021973e-01
7.893333435058593750e-01
7.946666479110717773e-01
8.000000119209289551e-01
8.053333163261413574e-01
8.106666803359985352e-01
8.159999847412109375e-01
8.213333487510681152e-01
8.266666531562805176e-01
8.320000171661376953e-01
8.373333215713500977e-01
8.426666855812072754e-01
8.479999899864196777e-01
8.533333539962768555e-01
8.586666584014892578e-01
8.640000224113464355e-01
8.693333268165588379e-01
8.746666908264160156e-01
8.799999952316284180e-01
8.853333592414855957e-01
8.906666636466979980e-01
8.960000276565551758e-01
9.013333320617675781e-01
9.066666960716247559e-01
9.120000004768371582e-01
9.173333048820495605e-01
9.226666688919067383e-01
9.279999732971191406e-01
9.333333373069763184e-01
9.386666417121887207e-01
9.440000057220458984e-01
9.493333101272583008e-01
9.546666741371154785e-01
9.599999785423278809e-01
9.653333425521850586e-01
9.706666469573974609e-01
9.760000109672546387e-01
9.813333153724670410e-01
9.866666793823242188e-01
9.919999837875366211e-01
9.973333477973937988e-01
4.000000189989805222e-03
1.200000010430812836e-02
1.999999955296516418e-02
2.800000086426734924e-02
3.599999845027923584e-02
4.399999976158142090e-02
5.200000107288360596e-02
5.999999865889549255e-02
6.800000369548797607e-02
7.599999755620956421e-02
8.399999886751174927e-02
9.200000017881393433e-02
1.000000014901161194e-01
1.080000028014183044e-01
1.159999966621398926e-01
1.239999979734420776e-01
1.319999992847442627e-01
1.400000005960464478e-01
1.480000019073486328e-01
1.560000032186508179e-01
1.640000045299530029e-01
1.720000058412551880e-01
1.800000071525573730e-01
1.879999935626983643e-01
1.959999948740005493e-01
2.039999961853027344e-01
2.119999974966049194e-01
2.199999988079071045e-01
2.280000001192092896e-01
2.360000014305114746e-01
2.440000027418136597e-01
2.520000040531158447e-01
2.599999904632568359e-01
2.680000066757202148e-01
2.759999930858612061e-01
2.840000092983245850e-01
2.919999957084655762e-01
3.000000119209289551e-01
3.079999983310699463e-01
3.160000145435333252e-01
3.240000009536743164e-01
3.319999873638153076e-01
3.400000035762786865e-01
3.479999899864196777e-01
3.560000061988830566e-01
3.639999926090240479e-01
3.720000088214874268e-01
3.799999952316284180e-01
3.880000114440917969e-01
3.959999978542327881e-01
4.040000140666961670e-01
4.120000004768371582e-01
4.199999868869781494e-01
4.280000030994415283e-01
4.359999895095825195e-01
4.440000057220458984e-01
4.519999921321868896e-01
4.600000083446502686e-01
4.679999947547912598e-01
4.760000109672546387e-01
4.839999973773956299e-01
4.920000135898590088e-01
5.000000000000000000e-01
5.080000162124633789e-01
5.159999728202819824e-01
5.239999890327453613e-01
5.320000052452087402e-01
5.400000214576721191e-01
5.479999780654907227e-01
5.559999942779541016e-01
5.640000104904174805e-01
5.720000267028808594e-01
5.799999833106994629e-01
5.879999995231628418e-01
5.960000157356262207e-01
6.039999723434448242e-01
6.119999885559082031e-01
6.200000047683715820e-01
6.280000209808349609e-01
6.359999775886535645e-01
6.439999938011169434e-01
6.520000100135803223e-01
6.600000262260437012e-01
6.679999828338623047e-01
6.759999990463256836e-01
6.840000152587890625e-01
6.919999718666076660e-01
6.999999880790710449e-01
7.080000042915344238e-01
7.160000205039978027e-01
7.239999771118164062e-01
7.319999933242797852e-01
7.400000095367431641e-01
7.480000257492065430e-01
7.559999823570251465e-01
7.639999985694885254e-01
7.720000147819519043e-01
7.799999713897705078e-01
7.879999876022338867e-01
7.960000038146972656e-01
8.040000200271606445e-01
8.119999766349792480e-01
8.199999928474426270e-01
8.280000090599060059e-01
8.360000252723693848e-01
8.439999818801879883e-01
8.519999980926513672e-01
8.600000143051147461e-01
8.679999709129333496e-01
8.759999871253967285e-01
8.840000033378601074e-01
8.920000195503234863e-01
8.999999761581420898e-01
9.079999923706054688e-01
9.160000085830688477e-01
9.240000247955322266e-01
9.319999814033508301e-01
9.399999976158142090e-01
9.480000138282775879e-01
9.559999704360961914e-01
9.639999866485595703e-01
9.720000028610229492e-01
9.800000190734863281e-01
9.879999756813049316e-01
9.959999918937683105e-01
4.000000189989805222e-03
1.200000010430812836e-02
1.999999955296516418e-02
2.800000086426734924e-02
3.599999845027923584e-02
4.399999976158142090e-02
5.200000107288360596e-02
5.999999865889549255e-02
6.800000369548797607e-02
7.599999755620956421e-02
8.399999886751174927e-02
9.200000017881393433e-02
1.000000014901161194e-01
1.080000028014183044e-01
1.159999966621398926e-01
1.239999979734420776e-01
1.319999992847442627e-01
1.400000005960464478e-01
1.480000019073486328e-01
1.560000032186508179e-01
1.640000045299530029e-01
1.720000058412551880e-01
1.800000071525573730e-01
1.879999935626983643e-01
1.959999948740005493e-01
2.039999961853027344e-01
2.119999974966049194e-01
2.199999988079071045e-01
2.280000001192092896e-01
2.360000014305114746e-01
2.440000027418136597e-01
2.520000040531158447e-01
2.599999904632568359e-01
2.680000066757202148e-01
2.759999930858612061e-01
2.840000092983245850e-01
2.919999957084655762e-01
3.000000119209289551e-01
3.079999983310699463e-01
3.160000145435333252e-01
3.240000009536743164e-01
3.319999873638153076e-01
3.400000035762786865e-01
3.479999899864196777e-01
3.560000061988830566e-01
3.639999926090240479e-01
3.720000088214874268e-01
3.799999952316284180e-01
3.880000114440917969e-01
3.959999978542327881e-01
4.040000140666961670e-01
4.120000004768371582e-01
4.199999868869781494e-01
4.280000030994415283e-01
4.359999895095825195e-01
4.440000057220458984e-01
4.519999921321868896e-01
4.600000083446502686e-01
4.679999947547912598e-01
4.760000109672546387e-01
4.839999973773956299e-01
4.920000135898590088e-01
5.000000000000000000e-01
5.080000162124633789e-01
5.159999728202819824e-01
5.239999890327453613e-01
5.320000052452087402e-01
5.400000214576721191e-01
5.479999780654907227e-01
5.559999942779541016e-01
5.640000104904174805e-01
5.720000267028808594e-01
5.799999833106994629e-01
5.879999995231628418e-01
5.960000157356262207e-01
6.039999723434448242e-01
6.119999885559082031e-01
6.200000047683715820e-01
6.280000209808349609e-01
6.359999775886535645e-01
6.439999938011169434e-01
6.520000100135803223e-01
6.600000262260437012e-01
6.679999828338623047e-01
6.759999990463256836e-01
6.840000152587890625e-01
6.919999718666076660e-01
6.999999880790710449e-01
7.080000042915344238e-01
7.160000205039978027e-01
7.239999771118164062e-01
7.319999933242797852e-01
7.400000095367431641e-01
7.480000257492065430e-01
7.559999823570251465e-01
7.639999985694885254e-01
7.720000147819519043e-01
7.799999713897705078e-01
7.879999876022338867e-01
7.960000038146972656e-01
8.040000200271606445e-01
8.119999766349792480e-01
8.199999928474426270e-01
8.280000090599060059e-01
8.360000252723693848e-01
8.439999818801879883e-01
8.519999980926513672e-01
8.600000143051147461e-01
8.679999709129333496e-01
8.759999871253967285e-01
8.840000033378601074e-01
8.920000195503234863e-01
8.999999761581420898e-01
9.079999923706054688e-01
9.160000085830688477e-01
9.240000247955322266e-01
9.319999814033508301e-01
9.399999976158142090e-01
9.480000138282775879e-01
9.559999704360961914e-01
9.639999866485595703e-01
9.720000028610229492e-01
9.800000190734863281e-01
9.879999756813049316e-01
9.959999918937683105e-01
4.000000189989805222e-03
1.200000010430812836e-02
1.999999955296516418e-02
2.800000086426734924e-02
3.599999845027923584e-02
4.399999976158142090e-02
5.200000107288360596e-02
5.999999865889549255e-02
6.800000369548797607e-02
7.599999755620956421e-02
8.399999886751174927e-02
9.200000017881393433e-02
1.000000014901161194e-01
1.080000028014183044e-01
1.159999966621398926e-01
1.239999979734420776e-01
1.319999992847442627e-01
1.400000005960464478e-01
1.480000019073486328e-01
1.560000032186508179e-01
1.640000045299530029e-01
1.720000058412551880e-01
1.800000071525573730e-01
1.879999935626983643e-01
1.959999948740005493e-01
2.039999961853027344e-01
2.119999974966049194e-01
2.199999988079071045e-01
2.280000001192092896e-01
2.360000014305114746e-01
2.440000027418136597e-01
2.520000040531158447e-01
2.599999904632568359e-01
2.680000066757202148e-01
2.759999930858612061e-01
2.840000092983245850e-01
2.919999957084655762e-01
3.000000119209289551e-01
3.079999983310699463e-01
3.160000145435333252e-01
3.240000009536743164e-01
3.319999873638153076e-01
3.400000035762786865e-01
3.479999899864196777e-01
3.560000061988830566e-01
3.639999926090240479e-01
3.720000088214874268e-01
3.799999952316284180e-01
3.880000114440917969e-01
3.959999978542327881e-01
4.040000140666961670e-01
4.120000004768371582e-01
4.199999868869781494e-01
4.280000030994415283e-01
4.359999895095825195e-01
4.440000057220458984e-01
4.519999921321868896e-01
4.600000083446502686e-01
4.679999947547912598e-01
4.760000109672546387e-01
4.839999973773956299e-01
4.920000135898590088e-01
5.000000000000000000e-01
5.080000162124633789e-01
5.159999728202819824e-01
5.239999890327453613e-01
5.320000052452087402e-01
5.400000214576721191e-01
5.479999780654907227e-01
5.559999942779541016e-01
5.640000104904174805e-01
5.720000267028808594e-01
5.799999833106994629e-01
5.879999995231628418e-01
5.960000157356262207e-01
6.039999723434448242e-01
6.119999885559082031e-01
6.200000047683715820e-01
6.280000209808349609e-01
6.359999775886535645e-01
6.439999938011169434e-01
6.520000100135803223e-01
6.600000262260437012e-01
6.679999828338623047e-01
6.759999990463256836e-01
6.840000152587890625e-01
6.919999718666076660e-01
6.999999880790710449e-01
7.080000042915344238e-01
7.160000205039978027e-01
7.239999771118164062e-01
7.319999933242797852e-01
7.400000095367431641e-01
7.480000257492065430e-01
7.559999823570251465e-01
7.639999985694885254e-01
7.720000147819519043e-01
7.799999713897705078e-01
7.879999876022338867e-01
7.960000038146972656e-01
8.040000200271606445e-01
8.119999766349792480e-01
8.199999928474426270e-01
8.280000090599060059e-01
8.360000252723693848e-01
8.439999818801879883e-01
8.519999980926513672e-01
8.600000143051147461e-01
8.679999709129333496e-01
8.759999871253967285e-01
8.840000033378601074e-01
8.920000195503234863e-01
8.999999761581420898e-01
9.079999923706054688e-01
9.160000085830688477e-01
9.240000247955322266e-01
9.319999814033508301e-01
9.399999976158142090e-01
9.480000138282775879e-01
9.559999704360961914e-01
9.639999866485595703e-01
9.720000028610229492e-01
9.800000190734863281e-01
9.879999756813049316e-01
9.959999918937683105e-01
4.000000189989805222e-03
1.200000010430812836e-02
1.999999955296516418e-02
2.800000086426734924e-02
3.599999845027923584e-02
4.399999976158142090e-02
5.200000107288360596e-02
5.999999865889549255e-02
6.800000369548797607e-02
7.599999755620956421e-02
8.399999886751174927e-02
9.200000017881393433e-02
1.000000014901161194e-01
1.080000028014183044e-01
1.159999966621398926e-01
1.239999979734420776e-01
1.319999992847442627e-01
1.400000005960464478e-01
1.480000019073486328e-01
1.560000032186508179e-01
1.640000045299530029e-01
1.720000058412551880e-01
1.800000071525573730e-01
1.879999935626983643e-01
1.959999948740005493e-01
2.039999961853027344e-01
2.119999974966049194e-01
2.199999988079071045e-01
2.280000001192092896e-01
2.360000014305114746e-01
2.440000027418136597e-01
2.520000040531158447e-01
2.599999904632568359e-01
2.680000066757202148e-01
2.759999930858612061e-01
2.840000092983245850e-01
2.919999957084655762e-01
3.000000119209289551e-01
3.079999983310699463e-01
3.160000145435333252e-01
3.240000009536743164e-01
3.319999873638153076e-01
3.400000035762786865e-01
3.479999899864196777e-01
3.560000061988830566e-01
3.639999926090240479e-01
3.720000088214874268e-01
3.799999952316284180e-01
3.880000114440917969e-01
3.959999978542327881e-01
4.040000140666961670e-01
4.120000004768371582e-01
4.199999868869781494e-01
4.280000030994415283e-01
4.359999895095825195e-01
4.440000057220458984e-01
4.519999921321868896e-01
4.600000083446502686e-01
4.679999947547912598e-01
4.760000109672546387e-01
4.839999973773956299e-01
4.920000135898590088e-01
5.000000000000000000e-01
5.080000162124633789e-01
5.159999728202819824e-01
5.239999890327453613e-01
5.320000052452087402e-01
5.400000214576721191e-01
5.479999780654907227e-01
5.559999942779541016e-01
5.640000104904174805e-01
5.720000267028808594e-01
5.799999833106994629e-01
5.879999995231628418e-01
5.960000157356262207e-01
6.039999723434448242e-01
6.119999885559082031e-01
6.200000047683715820e-01
6.280000209808349609e-01
6.359999775886535645e-01
6.439999938011169434e-01
6.520000100135803223e-01
6.600000262260437012e-01
6.679999828338623047e-01
6.759999990463256836e-01
6.840000152587890625e-01
6.919999718666076660e-01
6.999999880790710449e-01
7.080000042915344238e-01
7.160000205039978027e-01
7.239999771118164062e-01
7.319999933242797852e-01
7.400000095367431641e-01
7.480000257492065430e-01
7.559999823570251465e-01
7.639999985694885254e-01
7.720000147819519043e-01
7.799999713897705078e-01
7.879999876022338867e-01
7.960000038146972656e-01
8.040000200271606445e-01
8.119999766349792480e-01
8.199999928474426270e-01
8.280000090599060059e-01
8.360000252723693848e-01
8.439999818801879883e-01
8.519999980926513672e-01
8.600000143051147461e-01
8.679999709129333496e-01
8.759999871253967285e-01
8.840000033378601074e-01
8.920000195503234863e-01
8.999999761581420898e-01
9.079999923706054688e-01
9.160000085830688477e-01
9.240000247955322266e-01
9.319999814033508301e-01
9.399999976158142090e-01
9.480000138282775879e-01
9.559999704360961914e-01
9.639999866485595703e-01
9.720000028610229492e-01
9.800000190734863281e-01
9.879999756813049316e-01
9.959999918937683105e-01
4.000000189989805222e-03
1.200000010430812836e-02
1.999999955296516418e-02
2.800000086426734924e-02
3.599999845027923584e-02
4.399999976158142090e-02
5.200000107288360596e-02
5.999999865889549255e-02
6.800000369548797607e-02
7.599999755620956421e-02
8.399999886751174927e-02
9.200000017881393433e-02
1.000000014901161194e-01
1.080000028014183044e-01
1.159999966621398926e-01
1.239999979734420776e-01
1.319999992847442627e-01
1.400000005960464478e-01
1.480000019073486328e-01
1.560000032186508179e-01
1.640000045299530029e-01
1.720000058412551880e-01
1.800000071525573730e-01
1.879999935626983643e-01
1.959999948740005493e-01
2.039999961853027344e-01
2.119999974966049194e-01
2.199999988079071045e-01
2.280000001192092896e-01
2.360000014305114746e-01
2.440000027418136597e-01
2.520000040531158447e-01
2.599999904632568359e-01
2.680000066757202148e-01
2.759999930858612061e-01
2.840000092983245850e-01
2.919999957084655762e-01
3.000000119209289551e-01
3.079999983310699463e-01
3.160000145435333252e-01
3.240000009536743164e-01
3.319999873638153076e-01
3.400000035762786865e-01
3.479999899864196777e-01
3.560000061988830566e-01
3.639999926090240479e-01
3.720000088214874268e-01
3.799999952316284180e-01
3.880000114440917969e-01
3.959999978542327881e-01
4.040000140666961670e-01
4.120000004768371582e-01
4.199999868869781494e-01
4.280000030994415283e-01
4.359999895095825195e-01
4.440000057220458984e-01
4.519999921321868896e-01
4.600000083446502686e-01
4.679999947547912598e-01
4.760000109672546387e-01
4.839999973773956299e-01
4.920000135898590088e-01
5.000000000000000000e-01
5.080000162124633789e-01
5.159999728202819824e-01
5.239999890327453613e-01
5.320000052452087402e-01
5.400000214576721191e-01
5.479999780654907227e-01
5.559999942779541016e-01
5.640000104904174805e-01
5.720000267028808594e-01
5.799999833106994629e-01
5.879999995231628418e-01
5.960000157356262207e-01
6.039999723434448242e-01
6.119999885559082031e-01
6.200000047683715820e-01
6.280000209808349609e-01
6.359999775886535645e-01
6.439999938011169434e-01
6.520000100135803223e-01
6.600000262260437012e-01
6.679999828338623047e-01
6.759999990463256836e-01
6.840000152587890625e-01
6.919999718666076660e-01
6.999999880790710449e-01
7.080000042915344238e-01
7.160000205039978027e-01
7.239999771118164062e-01
7.319999933242797852e-01
7.400000095367431641e-01
7.480000257492065430e-01
7.559999823570251465e-01
7.639999985694885254e-01
7.720000147819519043e-01
7.799999713897705078e-01
7.879999876022338867e-01
7.960000038146972656e-01
8.040000200271606445e-01
8.119999766349792480e-01
8.199999928474426270e-01
8.280000090599060059e-01
8.360000252723693848e-01
8.439999818801879883e-01
8.519999980926513672e-01
8.600000143051147461e-01
8.679999709129333496e-01
8.759999871253967285e-01
8.840000033378601074e-01
8.920000195503234863e-01
8.999999761581420898e-01
9.079999923706054688e-01
9.160000085830688477e-01
9.240000247955322266e-01
9.319999814033508301e-01
9.399999976158142090e-01
9.480000138282775879e-01
9.559999704360961914e-01
9.639999866485595703e-01
9.720000028610229492e-01
9.800000190734863281e-01
9.879999756813049316e-01
9.959999918937683105e-01
2.666666638106107712e-03
8.000000379979610443e-03
1.333333365619182587e-02
1.866666600108146667e-02
2.400000020861625671e-02
2.933333255350589752e-02
3.466666489839553833e-02
3.999999910593032837e-02
4.533333331346511841e-02
5.066666752099990845e-02
5.600000172853469849e-02
6.133333221077919006e-02
6.666667014360427856e-02
7.199999690055847168e-02
7.733333110809326172e-02
8.266666531562805176e-02
8.799999952316284180e-02
9.333333373069763184e-02
9.866666793823242188e-02
1.040000021457672119e-01
1.093333363533020020e-01
1.146666631102561951e-01
1.199999973177909851e-01
1.253333389759063721e-01
1.306666731834411621e-01
1.360000073909759521e-01
1.413333266973495483e-01
1.466666609048843384e-01
1.519999951124191284e-01
1.573333293199539185e-01
1.626666635274887085e-01
1.679999977350234985e-01
1.733333319425582886e-01
1.786666661500930786e-01
1.840000003576278687e-01
1.893333345651626587e-01
1.946666687726974487e-01
2.000000029802322388e-01
2.053333371877670288e-01
2.106666713953018188e-01
2.160000056028366089e-01
2.213333398103713989e-01
2.266666740179061890e-01
2.319999933242797852e-01
2.373333275318145752e-01
2.426666617393493652e-01
2.479999959468841553e-01
2.533333301544189453e-01
2.586666643619537354e-01
2.639999985694885254e-01
2.693333327770233154e-01
2.746666669845581055e-01
2.800000011920928955e-01
2.853333353996276855e-01
2.906666696071624756e-01
2.960000038146972656e-01
3.013333380222320557e-01
3.066666722297668457e-01
3.120000064373016357e-01
3.173333406448364258e-01
3.226666748523712158e-01
3.280000090599060059e-01
3.333333432674407959e-01
3.386666774749755859e-01
3.440000116825103760e-01
3.493333458900451660e-01
3.546666800975799561e-01
3.600000143051147461e-01
3.653333187103271484e-01
3.706666529178619385e-01
3.759999871253967285e-01
3.813333213329315186e-01
3.866666555404663086e-01
3.919999897480010986e-01
3.973333239555358887e-01
4.026666581630706787e-01
4.079999923706054688e-01
4.133333265781402588e-01
4.186666607856750488e-01
4.239999949932098389e-01
4.293333292007446289e-01
4.346666634082794189e-01
4.399999976158142090e-01
4.453333318233489990e-01
4.506666660308837891e-01
4.560000002384185791e-01
4.613333344459533691e-01
4.666666686534881592e-01
4.720000028610229492e-01
4.773333370685577393e-01
4.826666712760925293e-01
4.880000054836273193e-01
4.933333396911621094e-01
4.986666738986968994e-01
5.040000081062316895e-01
5.093333125114440918e-01
5.146666765213012695e-01
5.199999809265136719e-01
5.253333449363708496e-01
5.306666493415832520e-01
5.360000133514404297e-01
5.413333177566528320e-01
5.466666817665100098e-01
5.519999861717224121e-01
5.573333501815795898e-01
5.626666545867919922e-01
5.680000185966491699e-01
5.733333230018615723e-01
5.786666870117187500e-01
5.839999914169311523e-01
5.893333554267883301e-01
5.946666598320007324e-01
6.000000238418579102e-01
6.053333282470703125e-01
6.106666922569274902e-01
6.159999966621398926e-01
6.213333606719970703e-01
6.266666650772094727e-01
6.320000290870666504e-01
6.373333334922790527e-01
6.426666378974914551e-01
6.480000019073486328e-01
6.533333063125610352e-01
6.586666703224182129e-01
6.639999747276306152e-01
6.693333387374877930e-01
6.746666431427001953e-01
6.800000071525573730e-01
6.853333115577697754e-01
6.906666755676269531e-01
6.959999799728393555e-01
7.013333439826965332e-01
7.066666483879089355e-01
7.120000123977661133e-01
7.173333168029785156e-01
7.226666808128356934e-01
7.279999852180480957e-01
7.333333492279052734e-01
7.386666536331176758e-01
7.440000176429748535e-01
7.493333220481872559e-01
7.546666860580444336e-01
7.599999904632568359e-01
7.653333544731140137e-01
7.706666588783264160e-01
7.760000228881835938e-01
7.813333272933959961e-01
7.866666913032531738e-01
7.919999957084655762e-01
7.973333597183227539e-01
8.026666641235351562e-01
8.080000281333923340e-01
8.133333325386047363e-01
8.186666369438171387e-01
8.240000009536743164e-01
8.293333053588867188e-01
8.346666693687438965e-01
8.399999737739562988e-01
8.453333377838134766e-01
8.506666421890258789e-01
8.560000061988830566e-01
8.613333106040954590e-01
8.666666746139526367e-01
8.719999790191650391e-01
8.773333430290222168e-01
8.826666474342346191e-01
8.880000114440917969e-01
8.933333158493041992e-01
8.986666798591613770e-01
9.039999842643737793e-01
9.093333482742309570e-01
9.146666526794433594e-01
9.200000166893005371e-01
9.253333210945129395e-01
9.306666851043701172e-01
9.359999895095825195e-01
9.413333535194396973e-01
9.466666579246520996e-01
9.520000219345092773e-01
9.573333263397216797e-01
9.626666903495788574e-01
9.679999947547912598e-01
9.733333587646484375e-01
9.786666631698608398e-01
9.840000271797180176e-01
9.893333315849304199e-01
9.946666955947875977e-01
1.000000000000000000e+00
