0.000000000000000000e+00
2.615384524688124657e-03
5.230769049376249313e-03
7.846154272556304932e-03
1.046153809875249863e-02
1.307692285627126694e-02
1.569230854511260986e-02
1.830769143998622894e-02
2.092307619750499725e-02
2.353846095502376556e-02
2.615384571254253387e-02
2.876923047006130219e-02
3.138461709022521973e-02
3.400000184774398804e-02
3.661538287997245789e-02
3.923076763749122620e-02
4.184615239500999451e-02
4.446153715252876282e-02
4.707692191004753113e-02
4.969230666756629944e-02
5.230769142508506775e-02
5.492307618260383606e-02
5.753846094012260437e-02
6.015384569764137268e-02
6.276923418045043945e-02
6.538461893796920776e-02
6.800000369548797607e-02
7.061538100242614746e-02
7.323076575994491577e-02
7.584615051746368408e-02
7.846153527498245239e-02
8.107692003250122070e-02
8.369230479001998901e-02
8.630768954753875732e-02
8.892307430505752563e-02
9.153845906257629395e-02
9.415384382009506226e-02
9.676922857761383057e-02
9.938461333513259888e-02
1.019999980926513672e-01
1.046153828501701355e-01
1.072307676076889038e-01
1.098461523652076721e-01
1.124615371227264404e-01
1.150769218802452087e-01
1.176923066377639771e-01
1.203076913952827454e-01
1.229230761528015137e-01
1.255384683609008789e-01
1.281538456678390503e-01
1.307692378759384155e-01
1.333846151828765869e-01
1.360000073909759521e-01
1.386153846979141235e-01
1.412307620048522949e-01
1.438461542129516602e-01
1.464615315198898315e-01
1.490769237279891968e-01
1.516923010349273682e-01
1.543076932430267334e-01
1.569230705499649048e-01
1.595384627580642700e-01
1.621538400650024414e-01
1.647692322731018066e-01
1.673846095800399780e-01
1.700000017881393433e-01
1.726153790950775146e-01
1.752307713031768799e-01
1.778461486101150513e-01
1.804615408182144165e-01
1.830769181251525879e-01
1.856923103332519531e-01
1.883076876401901245e-01
1.909230798482894897e-01
1.935384571552276611e-01
1.961538493633270264e-01
1.987692266702651978e-01
2.013846188783645630e-01
2.039999961853027344e-01
2.066153883934020996e-01
2.092307657003402710e-01
2.118461579084396362e-01
2.144615352153778076e-01
2.170769274234771729e-01
2.196923047304153442e-01
2.223076969385147095e-01
2.249230742454528809e-01
2.275384664535522461e-01
2.301538437604904175e-01
2.327692359685897827e-01
2.353846132755279541e-01
2.380000054836273193e-01
2.406153827905654907e-01
2.432307749986648560e-01
2.458461523056030273e-01
2.484615445137023926e-01
2.510769367218017578e-01
2.536922991275787354e-01
2.563076913356781006e-01
2.589230835437774658e-01
2.615384757518768311e-01
2.641538381576538086e-01
2.667692303657531738e-01
2.693846225738525391e-01
2.720000147819519043e-01
2.746153771877288818e-01
2.772307693958282471e-01
2.798461616039276123e-01
2.824615240097045898e-01
2.850769162178039551e-01
2.876923084259033203e-01
2.903077006340026855e-01
2.929230630397796631e-01
2.955384552478790283e-01
2.981538474559783936e-01
3.007692396640777588e-01
3.033846020698547363e-01
3.059999942779541016e-01
3.086153864860534668e-01
3.112307786941528320e-01
3.138461410999298096e-01
3.164615333080291748e-01
3.190769255161285400e-01
3.216923177242279053e-01
3.243076801300048828e-01
3.269230723381042480e-01
3.295384645462036133e-01
3.321538567543029785e-01
3.347692191600799561e-01
3.373846113681793213e-01
3.400000035762786865e-01
3.426153957843780518e-01
3.452307581901550293e-01
3.478461503982543945e-01
3.504615426063537598e-01
3.530769348144531250e-01
3.556922972202301025e-01
3.583076894283294678e-01
3.609230816364288330e-01
3.635384738445281982e-01
3.661538362503051758e-01
3.687692284584045410e-01
3.713846206665039062e-01
3.740000128746032715e-01
3.766153752803802490e-01
3.792307674884796143e-01
3.818461596965789795e-01
3.844615519046783447e-01
3.870769143104553223e-01
3.896923065185546875e-01
3.923076987266540527e-01
3.949230909347534180e-01
3.975384533405303955e-01
4.001538455486297607e-01
4.027692377567291260e-01
4.053846299648284912e-01
4.079999923706054688e-01
4.106153845787048340e-01
4.132307767868041992e-01
4.158461391925811768e-01
4.184615314006805420e-01
4.210769236087799072e-01
4.236923158168792725e-01
4.263076782226562500e-01
4.289230704307556152e-01
4.315384626388549805e-01
4.341538548469543457e-01
4.367692172527313232e-01
4.393846094608306885e-01
4.420000016689300537e-01
4.446153938770294189e-01
4.472307562828063965e-01
4.498461484909057617e-01
4.524615406990051270e-01
4.550769329071044922e-01
4.576922953128814697e-01
4.603076875209808350e-01
4.629230797290802002e-01
4.655384719371795654e-01
4.681538343429565430e-01
4.707692265510559082e-01
4.733846187591552734e-01
4.760000109672546387e-01
4.786153733730316162e-01
4.812307655811309814e-01
4.838461577892303467e-01
4.864615499973297119e-01
4.890769124031066895e-01
4.916923046112060547e-01
4.943076968193054199e-01
4.969230890274047852e-01
4.995384514331817627e-01
5.021538734436035156e-01
5.047692060470581055e-01
5.073845982551574707e-01
5.099999904632568359e-01
5.126153826713562012e-01
5.152307748794555664e-01
5.178461670875549316e-01
5.204615592956542969e-01
5.230769515037536621e-01
5.256922841072082520e-01
5.283076763153076172e-01
5.309230685234069824e-01
5.335384607315063477e-01
5.361538529396057129e-01
5.387692451477050781e-01
5.413846373558044434e-01
5.440000295639038086e-01
5.466153621673583984e-01
5.492307543754577637e-01
5.518461465835571289e-01
5.544615387916564941e-01
5.570769309997558594e-01
5.596923232078552246e-01
5.623077154159545898e-01
5.649230480194091797e-01
5.675384402275085449e-01
5.701538324356079102e-01
5.727692246437072754e-01
5.753846168518066406e-01
5.780000090599060059e-01
5.806154012680053711e-01
5.832307934761047363e-01
5.858461260795593262e-01
5.884615182876586914e-01
5.910769104957580566e-01
5.936923027038574219e-01
5.963076949119567871e-01
5.989230871200561523e-01
6.015384793281555176e-01
6.041538715362548828e-01
6.067692041397094727e-01
6.093845963478088379e-01
6.119999885559082031e-01
6.146153807640075684e-01
6.172307729721069336e-01
6.198461651802062988e-01
6.224615573883056641e-01
6.250769495964050293e-01
6.276922821998596191e-01
6.303076744079589844e-01
6.329230666160583496e-01
6.355384588241577148e-01
6.381538510322570801e-01
6.407692432403564453e-01
6.433846354484558105e-01
6.460000276565551758e-01
6.486153602600097656e-01
6.512307524681091309e-01
6.538461446762084961e-01
6.564615368843078613e-01
6.590769290924072266e-01
6.616923213005065918e-01
6.643077135086059570e-01
6.669231057167053223e-01
6.695384383201599121e-01
6.721538305282592773e-01
6.747692227363586426e-01
6.773846149444580078e-01
6.800000071525573730e-01
6.826153993606567383e-01
6.852307915687561035e-01
6.878461241722106934e-01
6.904615163803100586e-01
6.930769085884094238e-01
6.956923007965087891e-01
6.983076930046081543e-01
7.009230852127075195e-01
7.035384774208068848e-01
7.061538696289062500e-01
7.087692022323608398e-01
7.113845944404602051e-01
7.139999866485595703e-01
7.166153788566589355e-01
7.192307710647583008e-01
7.218461632728576660e-01
7.244615554809570312e-01
7.270769476890563965e-01
7.296922802925109863e-01
7.323076725006103516e-01
7.349230647087097168e-01
7.375384569168090820e-01
7.401538491249084473e-01
7.427692413330078125e-01
7.453846335411071777e-01
7.480000257492065430e-01
7.506153583526611328e-01
7.532307505607604980e-01
7.558461427688598633e-01
7.584615349769592285e-01
7.610769271850585938e-01
7.636923193931579590e-01
7.663077116012573242e-01
7.689231038093566895e-01
7.715384364128112793e-01
7.741538286209106445e-01
7.767692208290100098e-01
7.793846130371093750e-01
7.820000052452087402e-01
7.846153974533081055e-01
7.872307896614074707e-01
7.898461818695068359e-01
7.924615144729614258e-01
7.950769066810607910e-01
7.976922988891601562e-01
8.003076910972595215e-01
8.029230833053588867e-01
8.055384755134582520e-01
8.081538677215576172e-01
8.107692599296569824e-01
8.133845925331115723e-01
8.159999847412109375e-01
8.186153769493103027e-01
8.212307691574096680e-01
8.238461613655090332e-01
8.264615535736083984e-01
8.290769457817077637e-01
8.316922783851623535e-01
8.343076705932617188e-01
8.369230628013610840e-01
8.395384550094604492e-01
8.421538472175598145e-01
8.447692394256591797e-01
8.473846316337585449e-01
8.500000238418579102e-01
8.526153564453125000e-01
8.552307486534118652e-01
8.578461408615112305e-01
8.604615330696105957e-01
8.630769252777099609e-01
8.656923174858093262e-01
8.683077096939086914e-01
8.709231019020080566e-01
8.735384345054626465e-01
8.761538267135620117e-01
8.787692189216613770e-01
8.813846111297607422e-01
8.840000033378601074e-01
8.866153955459594727e-01
8.892307877540588379e-01
8.918461799621582031e-01
8.944615125656127930e-01
8.970769047737121582e-01
8.996922969818115234e-01
9.023076891899108887e-01
9.049230813980102539e-01
9.075384736061096191e-01
9.101538658142089844e-01
9.127692580223083496e-01
9.153845906257629395e-01
9.179999828338623047e-01
9.206153750419616699e-01
9.232307672500610352e-01
9.258461594581604004e-01
9.284615516662597656e-01
9.310769438743591309e-01
9.336923360824584961e-01
9.363076686859130859e-01
9.389230608940124512e-01
9.415384531021118164e-01
9.441538453102111816e-01
9.467692375183105469e-01
9.493846297264099121e-01
9.520000219345092773e-01
9.546154141426086426e-01
9.572307467460632324e-01
9.598461389541625977e-01
9.624615311622619629e-01
9.650769233703613281e-01
9.676923155784606934e-01
9.703077077865600586e-01
9.729230999946594238e-01
9.755384325981140137e-01
9.781538248062133789e-01
9.807692170143127441e-01
9.833846092224121094e-01
9.860000014305114746e-01
9.886153936386108398e-01
9.912307858467102051e-01
9.938461780548095703e-01
9.964615106582641602e-01
9.990769028663635254e-01
2.749999985098838806e-03
7.000000216066837311e-03
1.125000044703483582e-02
1.549999974668025970e-02
1.975000090897083282e-02
2.400000020861625671e-02
2.824999950826168060e-02
3.249999880790710449e-02
3.674999997019767761e-02
4.100000113248825073e-02
4.524999856948852539e-02
4.949999973177909851e-02
5.375000089406967163e-02
5.799999833106994629e-02
6.224999949336051941e-02
6.650000065565109253e-02
7.074999809265136719e-02
7.500000298023223877e-02
7.925000041723251343e-02
8.349999785423278809e-02
8.775000274181365967e-02
9.200000017881393433e-02
9.624999761581420898e-02
1.005000025033950806e-01
1.047499999403953552e-01
1.089999973773956299e-01
1.132500022649765015e-01
1.174999997019767761e-01
1.217499971389770508e-01
1.260000020265579224e-01
1.302500069141387939e-01
1.344999969005584717e-01
1.387500017881393433e-01
1.430000066757202148e-01
1.472499966621398926e-01
1.515000015497207642e-01
1.557500064373016357e-01
1.599999964237213135e-01
1.642500013113021851e-01
1.685000061988830566e-01
1.727499961853027344e-01
1.770000010728836060e-01
1.812500059604644775e-01
1.854999959468841553e-01
1.897500008344650269e-01
1.940000057220458984e-01
1.982499957084655762e-01
2.025000005960464478e-01
2.067500054836273193e-01
2.109999954700469971e-01
2.152500003576278687e-01
2.195000052452087402e-01
2.237499952316284180e-01
2.280000001192092896e-01
2.322500050067901611e-01
2.364999949932098389e-01
2.407499998807907104e-01
2.450000047683715820e-01
2.492499947547912598e-01
2.535000145435333252e-01
2.577500045299530029e-01
2.619999945163726807e-01
2.662500143051147461e-01
2.705000042915344238e-01
2.747499942779541016e-01
2.790000140666961670e-01
2.832500040531158447e-01
2.874999940395355225e-01
2.917500138282775879e-01
2.960000038146972656e-01
3.002499938011169434e-01
3.045000135898590088e-01
3.087500035762786865e-01
3.129999935626983643e-01
3.172500133514404297e-01
3.215000033378601074e-01
3.257499933242797852e-01
3.300000131130218506e-01
3.342500030994415283e-01
3.384999930858612061e-01
3.427500128746032715e-01
3.470000028610229492e-01
3.512499928474426270e-01
3.555000126361846924e-01
3.597500026226043701e-01
3.639999926090240479e-01
3.682500123977661133e-01
3.725000023841857910e-01
3.767499923706054688e-01
3.810000121593475342e-01
3.852500021457672119e-01
3.894999921321868896e-01
3.937500119209289551e-01
3.980000019073486328e-01
4.022499918937683105e-01
4.065000116825103760e-01
4.107500016689300537e-01
4.149999916553497314e-01
4.192500114440917969e-01
4.235000014305114746e-01
4.277499914169311523e-01
4.320000112056732178e-01
4.362500011920928955e-01
4.404999911785125732e-01
4.447500109672546387e-01
4.490000009536743164e-01
4.532499909400939941e-01
4.575000107288360596e-01
4.617500007152557373e-01
4.659999907016754150e-01
4.702500104904174805e-01
4.745000004768371582e-01
4.787499904632568359e-01
4.830000102519989014e-01
4.872500002384185791e-01
4.914999902248382568e-01
4.957500100135803223e-01
5.000000000000000000e-01
5.042499899864196777e-01
5.084999799728393555e-01
5.127500295639038086e-01
5.170000195503234863e-01
5.212500095367431641e-01
5.254999995231628418e-01
5.297499895095825195e-01
5.339999794960021973e-01
5.382500290870666504e-01
5.425000190734863281e-01
5.467500090599060059e-01
5.509999990463256836e-01
5.552499890327453613e-01
5.594999790191650391e-01
5.637500286102294922e-01
5.680000185966491699e-01
5.722500085830688477e-01
5.764999985694885254e-01
5.807499885559082031e-01
5.849999785423278809e-01
5.892500281333923340e-01
5.935000181198120117e-01
5.977500081062316895e-01
6.019999980926513672e-01
6.062499880790710449e-01
6.104999780654907227e-01
6.147500276565551758e-01
6.190000176429748535e-01
6.232500076293945312e-01
6.274999976158142090e-01
6.317499876022338867e-01
6.359999775886535645e-01
6.402500271797180176e-01
6.445000171661376953e-01
6.487500071525573730e-01
6.529999971389770508e-01
6.572499871253967285e-01
6.614999771118164062e-01
6.657500267028808594e-01
6.700000166893005371e-01
6.742500066757202148e-01
6.784999966621398926e-01
6.827499866485595703e-01
6.869999766349792480e-01
6.912500262260437012e-01
6.955000162124633789e-01
6.997500061988830566e-01
7.039999961853027344e-01
7.082499861717224121e-01
7.124999761581420898e-01
7.167500257492065430e-01
7.210000157356262207e-01
7.252500057220458984e-01
7.294999957084655762e-01
7.337499856948852539e-01
7.379999756813049316e-01
7.422500252723693848e-01
7.465000152587890625e-01
7.507500052452087402e-01
7.549999952316284180e-01
7.592499852180480957e-01
7.634999752044677734e-01
7.677500247955322266e-01
7.720000147819519043e-01
7.762500047683715820e-01
7.804999947547912598e-01
7.847499847412109375e-01
7.889999747276306152e-01
7.932500243186950684e-01
7.975000143051147461e-01
8.017500042915344238e-01
8.059999942779541016e-01
8.102499842643737793e-01
8.144999742507934570e-01
8.187500238418579102e-01
8.230000138282775879e-01
8.272500038146972656e-01
8.314999938011169434e-01
8.357499837875366211e-01
8.399999737739562988e-01
8.442500233650207520e-01
8.485000133514404297e-01
8.527500033378601074e-01
8.569999933242797852e-01
8.612499833106994629e-01
8.654999732971191406e-01
8.697500228881835938e-01
8.740000128746032715e-01
8.782500028610229492e-01
8.824999928474426270e-01
8.867499828338623047e-01
8.909999728202819824e-01
8.952500224113464355e-01
8.995000123977661133e-01
9.037500023841857910e-01
9.079999923706054688e-01
9.122499823570251465e-01
9.164999723434448242e-01
9.207500219345092773e-01
9.250000119209289551e-01
9.292500019073486328e-01
9.334999918937683105e-01
9.377499818801879883e-01
9.419999718666076660e-01
9.462500214576721191e-01
9.505000114440917969e-01
9.547500014305114746e-01
9.589999914169311523e-01
9.632499814033508301e-01
9.674999713897705078e-01
9.717500209808349609e-01
9.760000109672546387e-01
9.802500009536743164e-01
9.844999909400939941e-01
9.887499809265136719e-01
9.929999709129333496e-01
9.972500205039978027e-01
9.230769355781376362e-04
3.538461634889245033e-03
6.153846159577369690e-03
8.769230917096138000e-03
1.138461567461490631e-02
1.400000043213367462e-02
1.661538518965244293e-02
1.923076994717121124e-02
2.184615470468997955e-02
2.446153759956359863e-02
2.707692235708236694e-02
2.969230711460113525e-02
3.230769187211990356e-02
3.492307662963867188e-02
3.753846138715744019e-02
4.015384614467620850e-02
4.276923090219497681e-02
4.538461565971374512e-02
4.800000041723251343e-02
5.061538517475128174e-02
5.323076993227005005e-02
5.584615468978881836e-02
5.846153944730758667e-02
6.107692420482635498e-02
6.369230896234512329e-02
6.630769371986389160e-02
6.892307847738265991e-02
7.153846323490142822e-02
7.415384799242019653e-02
7.676923274993896484e-02
7.938461750745773315e-02
8.200000226497650146e-02
8.461538702249526978e-02
8.723077178001403809e-02
8.984615653753280640e-02
9.246154129505157471e-02
9.507692605257034302e-02
9.769231081008911133e-02
1.003076955676078796e-01
1.029230803251266479e-01
1.055384650826454163e-01
1.081538498401641846e-01
1.107692271471023560e-01
1.133846119046211243e-01
1.159999966621398926e-01
1.186153814196586609e-01
1.212307661771774292e-01
1.238461509346961975e-01
1.264615356922149658e-01
1.290769279003143311e-01
1.316923052072525024e-01
1.343076974153518677e-01
1.369230747222900391e-01
1.395384669303894043e-01
1.421538442373275757e-01
1.447692364454269409e-01
1.473846137523651123e-01
1.500000059604644775e-01
1.526153832674026489e-01
1.552307754755020142e-01
1.578461527824401855e-01
1.604615449905395508e-01
1.630769222974777222e-01
1.656923145055770874e-01
1.683076918125152588e-01
1.709230840206146240e-01
1.735384613275527954e-01
1.761538535356521606e-01
1.787692308425903320e-01
1.813846081495285034e-01
1.840000003576278687e-01
1.866153776645660400e-01
1.892307698726654053e-01
1.918461471796035767e-01
1.944615393877029419e-01
1.970769166946411133e-01
1.996923089027404785e-01
2.023076862096786499e-01
2.049230784177780151e-01
2.075384557247161865e-01
2.101538479328155518e-01
2.127692252397537231e-01
2.153846174478530884e-01
2.179999947547912598e-01
2.206153869628906250e-01
2.232307642698287964e-01
2.258461564779281616e-01
2.284615337848663330e-01
2.310769259929656982e-01
2.336923032999038696e-01
2.363076955080032349e-01
2.389230728149414062e-01
2.415384650230407715e-01
2.441538423299789429e-01
2.467692345380783081e-01
2.493846118450164795e-01
2.520000040531158447e-01
2.546153962612152100e-01
2.572307586669921875e-01
2.598461508750915527e-01
2.624615430831909180e-01
2.650769352912902832e-01
2.676922976970672607e-01
2.703076899051666260e-01
2.729230821132659912e-01
2.755384743213653564e-01
2.781538367271423340e-01
2.807692289352416992e-01
2.833846211433410645e-01
2.860000133514404297e-01
2.886153757572174072e-01
2.912307679653167725e-01
2.938461601734161377e-01
2.964615523815155029e-01
2.990769147872924805e-01
3.016923069953918457e-01
3.043076992034912109e-01
3.069230914115905762e-01
3.095384538173675537e-01
3.121538460254669189e-01
3.147692382335662842e-01
3.173846006393432617e-01
3.199999928474426270e-01
3.226153850555419922e-01
3.252307772636413574e-01
3.278461396694183350e-01
3.304615318775177002e-01
3.330769240856170654e-01
3.356923162937164307e-01
3.383076786994934082e-01
3.409230709075927734e-01
3.435384631156921387e-01
3.461538553237915039e-01
3.487692177295684814e-01
3.513846099376678467e-01
3.540000021457672119e-01
3.566153943538665771e-01
3.592307567596435547e-01
3.618461489677429199e-01
3.644615411758422852e-01
3.670769333839416504e-01
3.696922957897186279e-01
3.723076879978179932e-01
3.749230802059173584e-01
3.775384724140167236e-01
3.801538348197937012e-01
3.827692270278930664e-01
3.853846192359924316e-01
3.880000114440917969e-01
3.906153738498687744e-01
3.932307660579681396e-01
3.958461582660675049e-01
3.984615504741668701e-01
4.010769128799438477e-01
4.036923050880432129e-01
4.063076972961425781e-01
4.089230895042419434e-01
4.115384519100189209e-01
4.141538441181182861e-01
4.167692363262176514e-01
4.193846285343170166e-01
4.219999909400939941e-01
4.246153831481933594e-01
4.272307753562927246e-01
4.298461675643920898e-01
4.324615299701690674e-01
4.350769221782684326e-01
4.376923143863677979e-01
4.403077065944671631e-01
4.429230690002441406e-01
4.455384612083435059e-01
4.481538534164428711e-01
4.507692456245422363e-01
4.533846080303192139e-01
4.560000002384185791e-01
4.586153924465179443e-01
4.612307548522949219e-01
4.638461470603942871e-01
4.664615392684936523e-01
4.690769314765930176e-01
4.716922938823699951e-01
4.743076860904693604e-01
4.769230782985687256e-01
4.795384705066680908e-01
4.821538329124450684e-01
4.847692251205444336e-01
4.873846173286437988e-01
4.900000095367431641e-01
4.926153719425201416e-01
4.952307641506195068e-01
4.978461563587188721e-01
5.004615187644958496e-01
5.030769109725952148e-01
5.056923031806945801e-01
5.083076953887939453e-01
5.109230875968933105e-01
5.135384798049926758e-01
5.161538720130920410e-01
5.187692046165466309e-01
5.213845968246459961e-01
5.239999890327453613e-01
5.266153812408447266e-01
5.292307734489440918e-01
5.318461656570434570e-01
5.344615578651428223e-01
5.370769500732421875e-01
5.396922826766967773e-01
5.423076748847961426e-01
5.449230670928955078e-01
5.475384593009948730e-01
5.501538515090942383e-01
5.527692437171936035e-01
5.553846359252929688e-01
5.580000281333923340e-01
5.606153607368469238e-01
5.632307529449462891e-01
5.658461451530456543e-01
5.684615373611450195e-01
5.710769295692443848e-01
5.736923217773437500e-01
5.763077139854431152e-01
5.789231061935424805e-01
5.815384387969970703e-01
5.841538310050964355e-01
5.867692232131958008e-01
5.893846154212951660e-01
5.920000076293945312e-01
5.946153998374938965e-01
5.972307920455932617e-01
5.998461246490478516e-01
6.024615168571472168e-01
6.050769090652465820e-01
6.076923012733459473e-01
6.103076934814453125e-01
6.129230856895446777e-01
6.155384778976440430e-01
6.181538701057434082e-01
6.207692027091979980e-01
6.233845949172973633e-01
6.259999871253967285e-01
6.286153793334960938e-01
6.312307715415954590e-01
6.338461637496948242e-01
6.364615559577941895e-01
6.390769481658935547e-01
6.416922807693481445e-01
6.443076729774475098e-01
6.469230651855468750e-01
6.495384573936462402e-01
6.521538496017456055e-01
6.547692418098449707e-01
6.573846340179443359e-01
6.600000262260437012e-01
6.626153588294982910e-01
6.652307510375976562e-01
6.678461432456970215e-01
6.704615354537963867e-01
6.730769276618957520e-01
6.756923198699951172e-01
6.783077120780944824e-01
6.809231042861938477e-01
6.835384368896484375e-01
6.861538290977478027e-01
6.887692213058471680e-01
6.913846135139465332e-01
6.940000057220458984e-01
6.966153979301452637e-01
6.992307901382446289e-01
7.018461823463439941e-01
7.044615149497985840e-01
7.070769071578979492e-01
7.096922993659973145e-01
7.123076915740966797e-01
7.149230837821960449e-01
7.175384759902954102e-01
7.201538681983947754e-01
7.227692604064941406e-01
7.253845930099487305e-01
7.279999852180480957e-01
7.306153774261474609e-01
7.332307696342468262e-01
7.358461618423461914e-01
7.384615540504455566e-01
7.410769462585449219e-01
7.436922788619995117e-01
7.463076710700988770e-01
7.489230632781982422e-01
7.515384554862976074e-01
7.541538476943969727e-01
7.567692399024963379e-01
7.593846321105957031e-01
7.620000243186950684e-01
7.646153569221496582e-01
7.672307491302490234e-01
7.698461413383483887e-01
7.724615335464477539e-01
7.750769257545471191e-01
7.776923179626464844e-01
7.803077101707458496e-01
7.829231023788452148e-01
7.855384349822998047e-01
7.881538271903991699e-01
7.907692193984985352e-01
7.933846116065979004e-01
7.960000038146972656e-01
7.986153960227966309e-01
8.012307882308959961e-01
8.038461804389953613e-01
8.064615130424499512e-01
8.090769052505493164e-01
8.116922974586486816e-01
8.143076896667480469e-01
8.169230818748474121e-01
8.195384740829467773e-01
8.221538662910461426e-01
8.247692584991455078e-01
8.273845911026000977e-01
8.299999833106994629e-01
8.326153755187988281e-01
8.352307677268981934e-01
8.378461599349975586e-01
8.404615521430969238e-01
8.430769443511962891e-01
8.456923365592956543e-01
8.483076691627502441e-01
8.509230613708496094e-01
8.535384535789489746e-01
8.561538457870483398e-01
8.587692379951477051e-01
8.613846302032470703e-01
8.640000224113464355e-01
8.666153550148010254e-01
8.692307472229003906e-01
8.718461394309997559e-01
8.744615316390991211e-01
8.770769238471984863e-01
8.796923160552978516e-01
8.823077082633972168e-01
8.849231004714965820e-01
8.875384330749511719e-01
8.901538252830505371e-01
8.927692174911499023e-01
8.953846096992492676e-01
8.980000019073486328e-01
9.006153941154479980e-01
9.032307863235473633e-01
9.058461785316467285e-01
9.084615111351013184e-01
9.110769033432006836e-01
9.136922955513000488e-01
9.163076877593994141e-01
9.189230799674987793e-01
9.215384721755981445e-01
9.241538643836975098e-01
9.267692565917968750e-01
9.293845891952514648e-01
9.319999814033508301e-01
9.346153736114501953e-01
9.372307658195495605e-01
9.398461580276489258e-01
9.424615502357482910e-01
9.450769424438476562e-01
9.476923346519470215e-01
9.503076672554016113e-01
9.529230594635009766e-01
9.555384516716003418e-01
9.581538438796997070e-01
9.607692360877990723e-01
9.633846282958984375e-01
9.660000205039978027e-01
9.686154127120971680e-01
9.712307453155517578e-01
9.738461375236511230e-01
9.764615297317504883e-01
9.790769219398498535e-01
9.816923141479492188e-01
9.843077063560485840e-01
9.869230985641479492e-01
9.895384907722473145e-01
9.921538233757019043e-01
9.947692155838012695e-01
9.973846077919006348e-01
1.000000000000000000e+00
