0.000000000000000000e+00
6.800000090152025223e-03
1.360000018030405045e-02
2.040000073611736298e-02
2.720000036060810089e-02
3.400000184774398804e-02
4.080000147223472595e-02
4.760000109672546387e-02
5.440000072121620178e-02
6.120000034570693970e-02
6.800000369548797607e-02
7.479999959468841553e-02
8.160000294446945190e-02
8.839999884366989136e-02
9.520000219345092773e-02
1.019999980926513672e-01
1.088000014424324036e-01
1.155999973416328430e-01
1.224000006914138794e-01
1.291999965906143188e-01
1.360000073909759521e-01
1.428000032901763916e-01
1.495999991893768311e-01
1.563999950885772705e-01
1.632000058889389038e-01
1.700000017881393433e-01
1.767999976873397827e-01
1.835999935865402222e-01
1.904000043869018555e-01
1.972000002861022949e-01
2.039999961853027344e-01
2.108000069856643677e-01
2.176000028848648071e-01
2.243999987840652466e-01
2.311999946832656860e-01
2.380000054836273193e-01
2.448000013828277588e-01
2.515999972820281982e-01
2.583999931812286377e-01
2.651999890804290771e-01
2.720000147819519043e-01
2.788000106811523438e-01
2.856000065803527832e-01
2.924000024795532227e-01
2.991999983787536621e-01
3.059999942779541016e-01
3.127999901771545410e-01
3.195999860763549805e-01
3.264000117778778076e-01
3.332000076770782471e-01
3.400000035762786865e-01
3.467999994754791260e-01
3.535999953746795654e-01
3.603999912738800049e-01
3.671999871730804443e-01
3.740000128746032715e-01
3.808000087738037109e-01
3.876000046730041504e-01
3.944000005722045898e-01
4.011999964714050293e-01
4.079999923706054688e-01
4.147999882698059082e-01
4.216000139713287354e-01
4.284000098705291748e-01
4.352000057697296143e-01
4.420000016689300537e-01
4.487999975681304932e-01
4.555999934673309326e-01
4.623999893665313721e-01
4.691999852657318115e-01
4.760000109672546387e-01
4.828000068664550781e-01
4.896000027656555176e-01
4.963999986648559570e-01
5.031999945640563965e-01
5.099999904632568359e-01
5.167999863624572754e-01
5.235999822616577148e-01
5.303999781608581543e-01
5.371999740600585938e-01
5.440000295639038086e-01
5.508000254631042480e-01
5.576000213623046875e-01
5.644000172615051270e-01
5.712000131607055664e-01
5.780000090599060059e-01
5.848000049591064453e-01
5.916000008583068848e-01
5.983999967575073242e-01
6.051999926567077637e-01
6.119999885559082031e-01
6.187999844551086426e-01
6.255999803543090820e-01
6.323999762535095215e-01
6.391999721527099609e-01
6.460000276565551758e-01
6.528000235557556152e-01
6.596000194549560547e-01
6.664000153541564941e-01
6.732000112533569336e-01
6.800000071525573730e-01
6.868000030517578125e-01
6.935999989509582520e-01
7.003999948501586914e-01
7.071999907493591309e-01
7.139999866485595703e-01
7.207999825477600098e-01
7.275999784469604492e-01
7.343999743461608887e-01
7.411999702453613281e-01
7.480000257492065430e-01
7.548000216484069824e-01
7.616000175476074219e-01
7.684000134468078613e-01
7.752000093460083008e-01
7.820000052452087402e-01
7.888000011444091797e-01
7.955999970436096191e-01
8.023999929428100586e-01
8.091999888420104980e-01
8.159999847412109375e-01
8.227999806404113770e-01
8.295999765396118164e-01
8.363999724388122559e-01
8.432000279426574707e-01
8.500000238418579102e-01
8.568000197410583496e-01
8.636000156402587891e-01
8.704000115394592285e-01
8.772000074386596680e-01
8.840000033378601074e-01
8.907999992370605469e-01
8.975999951362609863e-01
9.043999910354614258e-01
9.111999869346618652e-01
9.179999828338623047e-01
9.247999787330627441e-01
9.315999746322631836e-01
9.383999705314636230e-01
9.452000260353088379e-01
9.520000219345092773e-01
9.588000178337097168e-01
9.656000137329101562e-01
9.724000096321105957e-01
9.792000055313110352e-01
9.860000014305114746e-01
9.927999973297119141e-01
9.995999932289123535e-01
1.066666655242443085e-02
2.199999988079071045e-02
3.333333507180213928e-02
4.466666653752326965e-02
5.600000172853469849e-02
6.733333319425582886e-02
7.866666465997695923e-02
9.000000357627868652e-02
1.013333350419998169e-01
1.126666665077209473e-01
1.239999979734420776e-01
1.353333294391632080e-01
1.466666609048843384e-01
1.580000072717666626e-01
1.693333387374877930e-01
1.806666702032089233e-01
1.920000016689300537e-01
2.033333331346511841e-01
2.146666646003723145e-01
2.259999960660934448e-01
2.373333275318145752e-01
2.486666738986968994e-01
2.599999904632568359e-01
2.713333368301391602e-01
2.826666533946990967e-01
2.939999997615814209e-01
3.053333461284637451e-01
3.166666626930236816e-01
3.280000090599060059e-01
3.393333256244659424e-01
3.506666719913482666e-01
3.619999885559082031e-01
3.733333349227905273e-01
3.846666812896728516e-01
3.959999978542327881e-01
4.073333442211151123e-01
4.186666607856750488e-01
4.300000071525573730e-01
4.413333237171173096e-01
4.526666700839996338e-01
4.639999866485595703e-01
4.753333330154418945e-01
4.866666793823242188e-01
4.979999959468841553e-01
5.093333125114440918e-01
5.206666588783264160e-01
5.320000052452087402e-01
5.433333516120910645e-01
5.546666383743286133e-01
5.659999847412109375e-01
5.773333311080932617e-01
5.886666774749755859e-01
6.000000238418579102e-01
6.113333106040954590e-01
6.226666569709777832e-01
6.340000033378601074e-01
6.453333497047424316e-01
6.566666960716247559e-01
6.679999828338623047e-01
6.793333292007446289e-01
6.906666755676269531e-01
7.020000219345092773e-01
7.133333086967468262e-01
7.246666550636291504e-01
7.360000014305114746e-01
7.473333477973937988e-01
7.586666941642761230e-01
7.699999809265136719e-01
7.813333272933959961e-01
7.926666736602783203e-01
8.040000200271606445e-01
8.153333067893981934e-01
8.266666531562805176e-01
8.379999995231628418e-01
8.493333458900451660e-01
8.606666922569274902e-01
8.719999790191650391e-01
8.833333253860473633e-01
8.946666717529296875e-01
9.060000181198120117e-01
9.173333048820495605e-01
9.286666512489318848e-01
9.399999976158142090e-01
9.513333439826965332e-01
9.626666903495788574e-01
9.739999771118164062e-01
9.853333234786987305e-01
9.966666698455810547e-01
1.200000010430812836e-02
2.899999916553497314e-02
4.600000008940696716e-02
6.300000101327896118e-02
7.999999821186065674e-02
9.700000286102294922e-02
1.140000000596046448e-01
1.309999972581863403e-01
1.480000019073486328e-01
1.650000065565109253e-01
1.819999963045120239e-01
1.990000009536743164e-01
2.160000056028366089e-01
2.329999953508377075e-01
2.500000000000000000e-01
2.669999897480010986e-01
2.840000092983245850e-01
3.009999990463256836e-01
3.179999887943267822e-01
3.350000083446502686e-01
3.519999980926513672e-01
3.689999878406524658e-01
3.860000073909759521e-01
4.029999971389770508e-01
4.199999868869781494e-01
4.370000064373016357e-01
4.539999961853027344e-01
4.709999859333038330e-01
4.880000054836273193e-01
5.049999952316284180e-01
5.220000147819519043e-01
5.389999747276306152e-01
5.559999942779541016e-01
5.730000138282775879e-01
5.899999737739562988e-01
6.069999933242797852e-01
6.240000128746032715e-01
6.409999728202819824e-01
6.579999923706054688e-01
6.750000119209289551e-01
6.919999718666076660e-01
7.089999914169311523e-01
7.260000109672546387e-01
7.429999709129333496e-01
7.599999904632568359e-01
7.770000100135803223e-01
7.940000295639038086e-01
8.109999895095825195e-01
8.280000090599060059e-01
8.450000286102294922e-01
8.619999885559082031e-01
8.790000081062316895e-01
8.960000276565551758e-01
9.129999876022338867e-01
9.300000071525573730e-01
9.470000267028808594e-01
9.639999866485595703e-01
9.810000061988830566e-01
9.980000257492065430e-01
1.499999966472387314e-02
3.200000151991844177e-02
4.899999871850013733e-02
6.599999964237213135e-02
8.299999684095382690e-02
1.000000014901161194e-01
1.169999986886978149e-01
1.340000033378601074e-01
1.509999930858612061e-01
1.679999977350234985e-01
1.850000023841857910e-01
2.020000070333480835e-01
2.189999967813491821e-01
2.360000014305114746e-01
2.529999911785125732e-01
2.700000107288360596e-01
2.870000004768371582e-01
3.039999902248382568e-01
3.210000097751617432e-01
3.379999995231628418e-01
3.549999892711639404e-01
3.720000088214874268e-01
3.889999985694885254e-01
4.059999883174896240e-01
4.230000078678131104e-01
4.399999976158142090e-01
4.569999873638153076e-01
4.740000069141387939e-01
4.909999966621398926e-01
5.080000162124633789e-01
5.249999761581420898e-01
5.419999957084655762e-01
5.590000152587890625e-01
5.759999752044677734e-01
5.929999947547912598e-01
6.100000143051147461e-01
6.269999742507934570e-01
6.439999938011169434e-01
6.610000133514404297e-01
6.779999732971191406e-01
6.949999928474426270e-01
7.120000123977661133e-01
7.289999723434448242e-01
7.459999918937683105e-01
7.630000114440917969e-01
7.799999713897705078e-01
7.969999909400939941e-01
8.140000104904174805e-01
8.309999704360961914e-01
8.479999899864196777e-01
8.650000095367431641e-01
8.820000290870666504e-01
8.989999890327453613e-01
9.160000085830688477e-01
9.330000281333923340e-01
9.499999880790710449e-01
9.670000076293945312e-01
9.840000271797180176e-01
1.000000047497451305e-03
1.799999922513961792e-02
3.500000014901161194e-02
5.200000107288360596e-02
6.899999827146530151e-02
8.600000292062759399e-02
1.030000001192092896e-01
1.199999973177909851e-01
1.369999945163726807e-01
1.539999991655349731e-01
1.710000038146972656e-01
1.879999935626983643e-01
2.049999982118606567e-01
2.220000028610229492e-01
2.389999926090240479e-01
2.560000121593475342e-01
2.730000019073486328e-01
2.899999916553497314e-01
3.070000112056732178e-01
3.240000009536743164e-01
3.409999907016754150e-01
3.580000102519989014e-01
3.750000000000000000e-01
3.919999897480010986e-01
4.090000092983245850e-01
4.259999990463256836e-01
4.429999887943267822e-01
4.600000083446502686e-01
4.769999980926513672e-01
4.939999878406524658e-01
5.109999775886535645e-01
5.279999971389770508e-01
5.450000166893005371e-01
5.619999766349792480e-01
5.789999961853027344e-01
5.960000157356262207e-01
6.129999756813049316e-01
6.299999952316284180e-01
6.470000147819519043e-01
6.639999747276306152e-01
6.809999942779541016e-01
6.980000138282775879e-01
7.149999737739562988e-01
7.319999933242797852e-01
7.490000128746032715e-01
7.659999728202819824e-01
7.829999923706054688e-01
8.000000119209289551e-01
8.169999718666076660e-01
8.339999914169311523e-01
8.510000109672546387e-01
8.679999709129333496e-01
8.849999904632568359e-01
9.020000100135803223e-01
9.190000295639038086e-01
9.359999895095825195e-01
9.530000090599060059e-01
9.700000286102294922e-01
9.869999885559082031e-01
8.000000379979610443e-03
4.199999943375587463e-02
7.599999755620956421e-02
1.099999994039535522e-01
1.439999938011169434e-01
1.780000030994415283e-01
2.119999974966049194e-01
2.460000067949295044e-01
2.800000011920928955e-01
3.140000104904174805e-01
3.479999899864196777e-01
3.819999992847442627e-01
4.160000085830688477e-01
4.499999880790710449e-01
4.839999973773956299e-01
5.180000066757202148e-01
5.519999861717224121e-01
5.860000252723693848e-01
6.200000047683715820e-01
6.539999842643737793e-01
6.880000233650207520e-01
7.220000028610229492e-01
7.559999823570251465e-01
7.900000214576721191e-01
8.240000009536743164e-01
8.579999804496765137e-01
8.920000195503234863e-01
9.259999990463256836e-01
9.599999785423278809e-01
9.940000176429748535e-01
2.800000086426734924e-02
6.199999898672103882e-02
9.600000083446502686e-02
1.299999952316284180e-01
1.640000045299530029e-01
1.979999989271163940e-01
2.319999933242797852e-01
2.660000026226043701e-01
3.000000119209289551e-01
3.339999914169311523e-01
3.680000007152557373e-01
4.020000100135803223e-01
4.359999895095825195e-01
4.699999988079071045e-01
5.040000081062316895e-01
5.379999876022338867e-01
5.720000267028808594e-01
6.060000061988830566e-01
6.399999856948852539e-01
6.740000247955322266e-01
7.080000042915344238e-01
7.419999837875366211e-01
7.760000228881835938e-01
8.100000023841857910e-01
8.439999818801879883e-01
8.780000209808349609e-01
9.120000004768371582e-01
9.459999799728393555e-01
9.800000190734863281e-01
7.000000216066837311e-03
2.400000020861625671e-02
4.100000113248825073e-02
5.799999833106994629e-02
7.500000298023223877e-02
9.200000017881393433e-02
1.089999973773956299e-01
1.260000020265579224e-01
1.430000066757202148e-01
1.599999964237213135e-01
1.770000010728836060e-01
1.940000057220458984e-01
2.109999954700469971e-01
2.280000001192092896e-01
2.450000047683715820e-01
2.619999945163726807e-01
2.790000140666961670e-01
2.960000038146972656e-01
3.129999935626983643e-01
3.300000131130218506e-01
3.470000028610229492e-01
3.639999926090240479e-01
3.810000121593475342e-01
3.980000019073486328e-01
4.149999916553497314e-01
4.320000112056732178e-01
4.490000009536743164e-01
4.659999907016754150e-01
4.830000102519989014e-01
5.000000000000000000e-01
5.170000195503234863e-01
5.339999794960021973e-01
5.509999990463256836e-01
5.680000185966491699e-01
5.849999785423278809e-01
6.019999980926513672e-01
6.190000176429748535e-01
6.359999775886535645e-01
6.529999971389770508e-01
6.700000166893005371e-01
6.869999766349792480e-01
7.039999961853027344e-01
7.210000157356262207e-01
7.379999756813049316e-01
7.549999952316284180e-01
7.720000147819519043e-01
7.889999747276306152e-01
8.059999942779541016e-01
8.230000138282775879e-01
8.399999737739562988e-01
8.569999933242797852e-01
8.740000128746032715e-01
8.909999728202819824e-01
9.079999923706054688e-01
9.250000119209289551e-01
9.419999718666076660e-01
9.589999914169311523e-01
9.760000109672546387e-01
9.929999709129333496e-01
1.999999955296516418e-02
5.400000140070915222e-02
8.799999952316284180e-02
1.220000013709068298e-01
1.560000032186508179e-01
1.899999976158142090e-01
2.240000069141387939e-01
2.579999864101409912e-01
2.919999957084655762e-01
3.260000050067901611e-01
3.600000143051147461e-01
3.939999938011169434e-01
4.280000030994415283e-01
4.620000123977661133e-01
4.959999918937683105e-01
5.299999713897705078e-01
5.640000104904174805e-01
5.979999899864196777e-01
6.320000290870666504e-01
6.660000085830688477e-01
6.999999880790710449e-01
7.340000271797180176e-01
7.680000066757202148e-01
8.019999861717224121e-01
8.360000252723693848e-01
8.700000047683715820e-01
9.039999842643737793e-01
9.380000233650207520e-01
9.720000028610229492e-01
6.000000052154064178e-03
3.999999910593032837e-02
7.400000095367431641e-02
1.080000028014183044e-01
1.420000046491622925e-01
1.759999990463256836e-01
2.099999934434890747e-01
2.440000027418136597e-01
2.779999971389770508e-01
3.120000064373016357e-01
3.459999859333038330e-01
3.799999952316284180e-01
4.140000045299530029e-01
4.480000138282775879e-01
4.819999933242797852e-01
5.159999728202819824e-01
5.500000119209289551e-01
5.839999914169311523e-01
6.179999709129333496e-01
6.520000100135803223e-01
6.859999895095825195e-01
7.200000286102294922e-01
7.540000081062316895e-01
7.879999876022338867e-01
8.220000267028808594e-01
8.560000061988830566e-01
8.899999856948852539e-01
9.240000247955322266e-01
9.580000042915344238e-01
9.919999837875366211e-01
1.300000026822090149e-02
2.999999932944774628e-02
4.699999839067459106e-02
6.400000303983688354e-02
8.100000023841857910e-02
9.799999743700027466e-02
1.150000020861625671e-01
1.319999992847442627e-01
1.490000039339065552e-01
1.659999936819076538e-01
1.829999983310699463e-01
2.000000029802322388e-01
2.169999927282333374e-01
2.339999973773956299e-01
2.509999871253967285e-01
2.680000066757202148e-01
2.849999964237213135e-01
3.019999861717224121e-01
3.190000057220458984e-01
3.359999954700469971e-01
3.529999852180480957e-01
3.700000047683715820e-01
3.869999945163726807e-01
4.040000140666961670e-01
4.210000038146972656e-01
4.379999935626983643e-01
4.550000131130218506e-01
4.720000028610229492e-01
4.889999926090240479e-01
5.059999823570251465e-01
5.230000019073486328e-01
5.400000214576721191e-01
5.569999814033508301e-01
5.740000009536743164e-01
5.910000205039978027e-01
6.079999804496765137e-01
6.250000000000000000e-01
6.420000195503234863e-01
6.589999794960021973e-01
6.759999990463256836e-01
6.930000185966491699e-01
7.099999785423278809e-01
7.269999980926513672e-01
7.440000176429748535e-01
7.609999775886535645e-01
7.779999971389770508e-01
7.950000166893005371e-01
8.119999766349792480e-01
8.289999961853027344e-01
8.460000157356262207e-01
8.629999756813049316e-01
8.799999952316284180e-01
8.970000147819519043e-01
9.139999747276306152e-01
9.309999942779541016e-01
9.480000138282775879e-01
9.649999737739562988e-01
9.819999933242797852e-01
9.990000128746032715e-01
1.600000075995922089e-02
3.299999982118606567e-02
5.000000074505805969e-02
6.700000166893005371e-02
8.399999886751174927e-02
1.010000035166740417e-01
1.180000007152557373e-01
1.350000053644180298e-01
1.519999951124191284e-01
1.689999997615814209e-01
1.860000044107437134e-01
2.029999941587448120e-01
2.199999988079071045e-01
2.370000034570693970e-01
2.540000081062316895e-01
2.709999978542327881e-01
2.879999876022338867e-01
3.050000071525573730e-01
3.219999969005584717e-01
3.389999866485595703e-01
3.560000061988830566e-01
3.729999959468841553e-01
3.899999856948852539e-01
4.070000052452087402e-01
4.239999949932098389e-01
4.410000145435333252e-01
4.580000042915344238e-01
4.749999940395355225e-01
4.920000135898590088e-01
5.090000033378601074e-01
5.260000228881835938e-01
5.429999828338623047e-01
5.600000023841857910e-01
5.770000219345092773e-01
5.939999818801879883e-01
6.110000014305114746e-01
6.280000209808349609e-01
6.449999809265136719e-01
6.620000004768371582e-01
6.790000200271606445e-01
6.959999799728393555e-01
7.129999995231628418e-01
7.300000190734863281e-01
7.469999790191650391e-01
7.639999985694885254e-01
7.810000181198120117e-01
7.979999780654907227e-01
8.149999976158142090e-01
8.320000171661376953e-01
8.489999771118164062e-01
8.659999966621398926e-01
8.830000162124633789e-01
8.999999761581420898e-01
9.169999957084655762e-01
9.340000152587890625e-01
9.509999752044677734e-01
9.679999947547912598e-01
9.850000143051147461e-01
2.000000094994902611e-03
1.899999938905239105e-02
3.599999845027923584e-02
5.299999937415122986e-02
7.000000029802322388e-02
8.699999749660491943e-02
1.040000021457672119e-01
1.209999993443489075e-01
1.379999965429306030e-01
1.550000011920928955e-01
1.720000058412551880e-01
1.889999955892562866e-01
2.060000002384185791e-01
2.230000048875808716e-01
2.399999946355819702e-01
2.569999992847442627e-01
2.739999890327453613e-01
2.910000085830688477e-01
3.079999983310699463e-01
3.249999880790710449e-01
3.420000076293945312e-01
3.589999973773956299e-01
3.759999871253967285e-01
3.930000066757202148e-01
4.099999964237213135e-01
4.269999861717224121e-01
4.440000057220458984e-01
4.609999954700469971e-01
4.779999852180480957e-01
4.950000047683715820e-01
5.120000243186950684e-01
5.289999842643737793e-01
5.460000038146972656e-01
5.630000233650207520e-01
5.799999833106994629e-01
5.970000028610229492e-01
6.140000224113464355e-01
6.309999823570251465e-01
6.480000019073486328e-01
6.650000214576721191e-01
6.819999814033508301e-01
6.990000009536743164e-01
7.160000205039978027e-01
7.329999804496765137e-01
7.500000000000000000e-01
7.670000195503234863e-01
7.839999794960021973e-01
8.009999990463256836e-01
8.180000185966491699e-01
8.349999785423278809e-01
8.519999980926513672e-01
8.690000176429748535e-01
8.859999775886535645e-01
9.029999971389770508e-01
9.200000166893005371e-01
9.369999766349792480e-01
9.539999961853027344e-01
9.710000157356262207e-01
9.879999756813049316e-01
3.333333414047956467e-03
1.466666627675294876e-02
2.600000053644180298e-02
3.733333200216293335e-02
4.866666719317436218e-02
5.999999865889549255e-02
7.133333384990692139e-02
8.266666531562805176e-02
9.399999678134918213e-02
1.053333356976509094e-01
1.166666671633720398e-01
1.280000060796737671e-01
1.393333375453948975e-01
1.506666690111160278e-01
1.620000004768371582e-01
1.733333319425582886e-01
1.846666634082794189e-01
1.959999948740005493e-01
2.073333263397216797e-01
2.186666727066040039e-01
2.300000041723251343e-01
2.413333356380462646e-01
2.526666522026062012e-01
2.639999985694885254e-01
2.753333449363708496e-01
2.866666615009307861e-01
2.980000078678131104e-01
3.093333244323730469e-01
3.206666707992553711e-01
3.319999873638153076e-01
3.433333337306976318e-01
3.546666800975799561e-01
3.659999966621398926e-01
3.773333430290222168e-01
3.886666595935821533e-01
4.000000059604644775e-01
4.113333225250244141e-01
4.226666688919067383e-01
4.339999854564666748e-01
4.453333318233489990e-01
4.566666781902313232e-01
4.679999947547912598e-01
4.793333411216735840e-01
4.906666576862335205e-01
5.019999742507934570e-01
5.133333206176757812e-01
5.246666669845581055e-01
5.360000133514404297e-01
5.473333597183227539e-01
5.586666464805603027e-01
5.699999928474426270e-01
5.813333392143249512e-01
5.926666855812072754e-01
6.039999723434448242e-01
6.153333187103271484e-01
6.266666650772094727e-01
6.380000114440917969e-01
6.493333578109741211e-01
6.606666445732116699e-01
6.719999909400939941e-01
6.833333373069763184e-01
6.946666836738586426e-01
7.059999704360961914e-01
7.173333168029785156e-01
7.286666631698608398e-01
7.400000095367431641e-01
7.513333559036254883e-01
7.626666426658630371e-01
7.739999890327453613e-01
7.853333353996276855e-01
7.966666817665100098e-01
8.080000281333923340e-01
8.193333148956298828e-01
8.306666612625122070e-01
8.420000076293945312e-01
8.533333539962768555e-01
8.646666407585144043e-01
8.759999871253967285e-01
8.873333334922790527e-01
8.986666798591613770e-01
9.100000262260437012e-01
9.213333129882812500e-01
9.326666593551635742e-01
9.440000057220458984e-01
9.553333520889282227e-01
9.666666388511657715e-01
9.779999852180480957e-01
9.893333315849304199e-01
3.999999898951500654e-04
7.199999876320362091e-03
1.400000043213367462e-02
2.080000005662441254e-02
2.759999968111515045e-02
3.440000116825103760e-02
4.120000079274177551e-02
4.800000041723251343e-02
5.480000004172325134e-02
6.159999966621398926e-02
6.840000301599502563e-02
7.519999891519546509e-02
8.200000226497650146e-02
8.879999816417694092e-02
9.560000151395797729e-02
1.023999974131584167e-01
1.092000007629394531e-01
1.159999966621398926e-01
1.228000000119209290e-01
1.296000033617019653e-01
1.363999992609024048e-01
1.431999951601028442e-01
1.500000059604644775e-01
1.568000018596649170e-01
1.635999977588653564e-01
1.703999936580657959e-01
1.772000044584274292e-01
1.840000003576278687e-01
1.907999962568283081e-01
1.976000070571899414e-01
2.044000029563903809e-01
2.111999988555908203e-01
2.179999947547912598e-01
2.248000055551528931e-01
2.316000014543533325e-01
2.383999973535537720e-01
2.451999932527542114e-01
2.520000040531158447e-01
2.587999999523162842e-01
2.655999958515167236e-01
2.723999917507171631e-01
2.791999876499176025e-01
2.860000133514404297e-01
2.928000092506408691e-01
2.996000051498413086e-01
3.064000010490417480e-01
3.131999969482421875e-01
3.199999928474426270e-01
3.267999887466430664e-01
3.336000144481658936e-01
3.404000103473663330e-01
3.472000062465667725e-01
3.540000021457672119e-01
3.607999980449676514e-01
3.675999939441680908e-01
3.743999898433685303e-01
3.811999857425689697e-01
3.880000114440917969e-01
3.948000073432922363e-01
4.016000032424926758e-01
4.083999991416931152e-01
4.151999950408935547e-01
4.219999909400939941e-01
4.287999868392944336e-01
4.356000125408172607e-01
4.424000084400177002e-01
4.492000043392181396e-01
4.560000002384185791e-01
4.627999961376190186e-01
4.695999920368194580e-01
4.763999879360198975e-01
4.832000136375427246e-01
4.900000095367431641e-01
4.968000054359436035e-01
5.036000013351440430e-01
5.103999972343444824e-01
5.171999931335449219e-01
5.239999890327453613e-01
5.307999849319458008e-01
5.375999808311462402e-01
5.443999767303466797e-01
5.511999726295471191e-01
5.580000281333923340e-01
5.648000240325927734e-01
5.716000199317932129e-01
5.784000158309936523e-01
5.852000117301940918e-01
5.920000076293945312e-01
5.988000035285949707e-01
6.055999994277954102e-01
6.123999953269958496e-01
6.191999912261962891e-01
6.259999871253967285e-01
6.327999830245971680e-01
6.395999789237976074e-01
6.463999748229980469e-01
6.531999707221984863e-01
6.600000262260437012e-01
6.668000221252441406e-01
6.736000180244445801e-01
6.804000139236450195e-01
6.872000098228454590e-01
6.940000057220458984e-01
7.008000016212463379e-01
7.075999975204467773e-01
7.143999934196472168e-01
7.211999893188476562e-01
7.279999852180480957e-01
7.347999811172485352e-01
7.415999770164489746e-01
7.483999729156494141e-01
7.552000284194946289e-01
7.620000243186950684e-01
7.688000202178955078e-01
7.756000161170959473e-01
7.824000120162963867e-01
7.892000079154968262e-01
7.960000038146972656e-01
8.027999997138977051e-01
8.095999956130981445e-01
8.163999915122985840e-01
8.231999874114990234e-01
8.299999833106994629e-01
8.367999792098999023e-01
8.435999751091003418e-01
8.503999710083007812e-01
8.572000265121459961e-01
8.640000224113464355e-01
8.708000183105468750e-01
8.776000142097473145e-01
8.844000101089477539e-01
8.912000060081481934e-01
8.980000019073486328e-01
9.047999978065490723e-01
9.115999937057495117e-01
9.183999896049499512e-01
9.251999855041503906e-01
9.319999814033508301e-01
9.387999773025512695e-01
9.455999732017517090e-01
9.524000287055969238e-01
9.592000246047973633e-01
9.660000205039978027e-01
9.728000164031982422e-01
9.796000123023986816e-01
9.864000082015991211e-01
9.932000041007995605e-01
1.000000000000000000e+00
