0.000000000000000000e+00
4.857142921537160873e-03
9.714285843074321747e-03
1.457142829895019531e-02
1.942857168614864349e-02
2.428571507334709167e-02
2.914285659790039062e-02
3.400000184774398804e-02
3.885714337229728699e-02
4.371428489685058594e-02
4.857143014669418335e-02
5.342857167124748230e-02
5.828571319580078125e-02
6.314285844564437866e-02
6.800000369548797607e-02
7.285714149475097656e-02
7.771428674459457397e-02
8.257143199443817139e-02
8.742856979370117188e-02
9.228571504354476929e-02
9.714286029338836670e-02
1.019999980926513672e-01
1.068571433424949646e-01
1.117142885923385620e-01
1.165714263916015625e-01
1.214285716414451599e-01
1.262857168912887573e-01
1.311428546905517578e-01
1.360000073909759521e-01
1.408571451902389526e-01
1.457142829895019531e-01
1.505714356899261475e-01
1.554285734891891479e-01
1.602857112884521484e-01
1.651428639888763428e-01
1.700000017881393433e-01
1.748571395874023438e-01
1.797142922878265381e-01
1.845714300870895386e-01
1.894285678863525391e-01
1.942857205867767334e-01
1.991428583860397339e-01
2.039999961853027344e-01
2.088571488857269287e-01
2.137142866849899292e-01
2.185714244842529297e-01
2.234285771846771240e-01
2.282857149839401245e-01
2.331428527832031250e-01
2.380000054836273193e-01
2.428571432828903198e-01
2.477142810821533203e-01
2.525714337825775146e-01
2.574285566806793213e-01
2.622857093811035156e-01
2.671428620815277100e-01
2.720000147819519043e-01
2.768571376800537109e-01
2.817142903804779053e-01
2.865714430809020996e-01
2.914285659790039062e-01
2.962857186794281006e-01
3.011428713798522949e-01
3.059999942779541016e-01
3.108571469783782959e-01
3.157142996788024902e-01
3.205714225769042969e-01
3.254285752773284912e-01
3.302857279777526855e-01
3.351428508758544922e-01
3.400000035762786865e-01
3.448571562767028809e-01
3.497142791748046875e-01
3.545714318752288818e-01
3.594285845756530762e-01
3.642857074737548828e-01
3.691428601741790771e-01
3.740000128746032715e-01
3.788571357727050781e-01
3.837142884731292725e-01
3.885714411735534668e-01
3.934285640716552734e-01
3.982857167720794678e-01
4.031428694725036621e-01
4.079999923706054688e-01
4.128571450710296631e-01
4.177142977714538574e-01
4.225714206695556641e-01
4.274285733699798584e-01
4.322857260704040527e-01
4.371428489685058594e-01
4.420000016689300537e-01
4.468571543693542480e-01
4.517142772674560547e-01
4.565714299678802490e-01
4.614285826683044434e-01
4.662857055664062500e-01
4.711428582668304443e-01
4.760000109672546387e-01
4.808571338653564453e-01
4.857142865657806396e-01
4.905714392662048340e-01
4.954285621643066406e-01
5.002856850624084473e-01
5.051428675651550293e-01
5.099999904632568359e-01
5.148571133613586426e-01
5.197142958641052246e-01
5.245714187622070312e-01
5.294285416603088379e-01
5.342857241630554199e-01
5.391428470611572266e-01
5.440000295639038086e-01
5.488571524620056152e-01
5.537142753601074219e-01
5.585714578628540039e-01
5.634285807609558105e-01
5.682857036590576172e-01
5.731428861618041992e-01
5.780000090599060059e-01
5.828571319580078125e-01
5.877143144607543945e-01
5.925714373588562012e-01
5.974285602569580078e-01
6.022857427597045898e-01
6.071428656578063965e-01
6.119999885559082031e-01
6.168571710586547852e-01
6.217142939567565918e-01
6.265714168548583984e-01
6.314285993576049805e-01
6.362857222557067871e-01
6.411428451538085938e-01
6.460000276565551758e-01
6.508571505546569824e-01
6.557142734527587891e-01
6.605714559555053711e-01
6.654285788536071777e-01
6.702857017517089844e-01
6.751428842544555664e-01
6.800000071525573730e-01
6.848571300506591797e-01
6.897143125534057617e-01
6.945714354515075684e-01
6.994285583496093750e-01
7.042857408523559570e-01
7.091428637504577637e-01
7.139999866485595703e-01
7.188571691513061523e-01
7.237142920494079590e-01
7.285714149475097656e-01
7.334285974502563477e-01
7.382857203483581543e-01
7.431428432464599609e-01
7.480000257492065430e-01
7.528571486473083496e-01
7.577142715454101562e-01
7.625714540481567383e-01
7.674285769462585449e-01
7.722856998443603516e-01
7.771428823471069336e-01
7.820000052452087402e-01
7.868571281433105469e-01
7.917143106460571289e-01
7.965714335441589355e-01
8.014285564422607422e-01
8.062857389450073242e-01
8.111428618431091309e-01
8.159999847412109375e-01
8.208571672439575195e-01
8.257142901420593262e-01
8.305714130401611328e-01
8.354285955429077148e-01
8.402857184410095215e-01
8.451428413391113281e-01
8.500000238418579102e-01
8.548571467399597168e-01
8.597142696380615234e-01
8.645714521408081055e-01
8.694285750389099121e-01
8.742856979370117188e-01
8.791428804397583008e-01
8.840000033378601074e-01
8.888571262359619141e-01
8.937143087387084961e-01
8.985714316368103027e-01
9.034285545349121094e-01
9.082857370376586914e-01
9.131428599357604980e-01
9.179999828338623047e-01
9.228571653366088867e-01
9.277142882347106934e-01
9.325714111328125000e-01
9.374285936355590820e-01
9.422857165336608887e-01
9.471428394317626953e-01
9.520000219345092773e-01
9.568571448326110840e-01
9.617142677307128906e-01
9.665714502334594727e-01
9.714285731315612793e-01
9.762856960296630859e-01
9.811428785324096680e-01
9.860000014305114746e-01
9.908571243286132812e-01
9.957143068313598633e-01
1.000000047497451305e-03
9.499999694526195526e-03
1.799999922513961792e-02
2.649999968707561493e-02
3.500000014901161194e-02
4.349999874830245972e-02
5.200000107288360596e-02
6.049999967217445374e-02
6.899999827146530151e-02
7.750000059604644775e-02
8.600000292062759399e-02
9.449999779462814331e-02
1.030000001192092896e-01
1.115000024437904358e-01
1.199999973177909851e-01
1.284999996423721313e-01
1.369999945163726807e-01
1.455000042915344238e-01
1.539999991655349731e-01
1.624999940395355225e-01
1.710000038146972656e-01
1.794999986886978149e-01
1.879999935626983643e-01
1.965000033378601074e-01
2.049999982118606567e-01
2.134999930858612061e-01
2.220000028610229492e-01
2.304999977350234985e-01
2.389999926090240479e-01
2.475000023841857910e-01
2.560000121593475342e-01
2.644999921321868896e-01
2.730000019073486328e-01
2.815000116825103760e-01
2.899999916553497314e-01
2.985000014305114746e-01
3.070000112056732178e-01
3.154999911785125732e-01
3.240000009536743164e-01
3.325000107288360596e-01
3.409999907016754150e-01
3.495000004768371582e-01
3.580000102519989014e-01
3.664999902248382568e-01
3.750000000000000000e-01
3.835000097751617432e-01
3.919999897480010986e-01
4.004999995231628418e-01
4.090000092983245850e-01
4.174999892711639404e-01
4.259999990463256836e-01
4.345000088214874268e-01
4.429999887943267822e-01
4.514999985694885254e-01
4.600000083446502686e-01
4.684999883174896240e-01
4.769999980926513672e-01
4.855000078678131104e-01
4.939999878406524658e-01
5.024999976158142090e-01
5.109999775886535645e-01
5.195000171661376953e-01
5.279999971389770508e-01
5.364999771118164062e-01
5.450000166893005371e-01
5.534999966621398926e-01
5.619999766349792480e-01
5.705000162124633789e-01
5.789999961853027344e-01
5.874999761581420898e-01
5.960000157356262207e-01
6.044999957084655762e-01
6.129999756813049316e-01
6.215000152587890625e-01
6.299999952316284180e-01
6.384999752044677734e-01
6.470000147819519043e-01
6.554999947547912598e-01
6.639999747276306152e-01
6.725000143051147461e-01
6.809999942779541016e-01
6.894999742507934570e-01
6.980000138282775879e-01
7.064999938011169434e-01
7.149999737739562988e-01
7.235000133514404297e-01
7.319999933242797852e-01
7.404999732971191406e-01
7.490000128746032715e-01
7.574999928474426270e-01
7.659999728202819824e-01
7.745000123977661133e-01
7.829999923706054688e-01
7.914999723434448242e-01
8.000000119209289551e-01
8.084999918937683105e-01
8.169999718666076660e-01
8.255000114440917969e-01
8.339999914169311523e-01
8.424999713897705078e-01
8.510000109672546387e-01
8.594999909400939941e-01
8.679999709129333496e-01
8.765000104904174805e-01
8.849999904632568359e-01
8.934999704360961914e-01
9.020000100135803223e-01
9.104999899864196777e-01
9.190000295639038086e-01
9.275000095367431641e-01
9.359999895095825195e-01
9.445000290870666504e-01
9.530000090599060059e-01
9.614999890327453613e-01
9.700000286102294922e-01
9.785000085830688477e-01
9.869999885559082031e-01
9.955000281333923340e-01
4.000000189989805222e-03
1.250000018626451492e-02
2.099999971687793732e-02
2.950000017881393433e-02
3.799999877810478210e-02
4.650000110268592834e-02
5.499999970197677612e-02
6.350000202655792236e-02
7.199999690055847168e-02
8.049999922513961792e-02
8.900000154972076416e-02
9.749999642372131348e-02
1.059999987483024597e-01
1.145000010728836060e-01
1.230000033974647522e-01
1.315000057220458984e-01
1.400000005960464478e-01
1.484999954700469971e-01
1.570000052452087402e-01
1.655000001192092896e-01
1.739999949932098389e-01
1.825000047683715820e-01
1.909999996423721313e-01
1.994999945163726807e-01
2.080000042915344238e-01
2.164999991655349731e-01
2.249999940395355225e-01
2.335000038146972656e-01
2.419999986886978149e-01
2.504999935626983643e-01
2.590000033378601074e-01
2.675000131130218506e-01
2.759999930858612061e-01
2.845000028610229492e-01
2.930000126361846924e-01
3.014999926090240479e-01
3.100000023841857910e-01
3.185000121593475342e-01
3.269999921321868896e-01
3.355000019073486328e-01
3.440000116825103760e-01
3.524999916553497314e-01
3.610000014305114746e-01
3.695000112056732178e-01
3.779999911785125732e-01
3.865000009536743164e-01
3.950000107288360596e-01
4.034999907016754150e-01
4.120000004768371582e-01
4.205000102519989014e-01
4.289999902248382568e-01
4.375000000000000000e-01
4.460000097751617432e-01
4.544999897480010986e-01
4.629999995231628418e-01
4.715000092983245850e-01
4.799999892711639404e-01
4.884999990463256836e-01
4.970000088214874268e-01
5.055000185966491699e-01
5.139999985694885254e-01
5.224999785423278809e-01
5.310000181198120117e-01
5.394999980926513672e-01
5.479999780654907227e-01
5.565000176429748535e-01
5.649999976158142090e-01
5.734999775886535645e-01
5.820000171661376953e-01
5.904999971389770508e-01
5.989999771118164062e-01
6.075000166893005371e-01
6.159999966621398926e-01
6.244999766349792480e-01
6.330000162124633789e-01
6.414999961853027344e-01
6.499999761581420898e-01
6.585000157356262207e-01
6.669999957084655762e-01
6.754999756813049316e-01
6.840000152587890625e-01
6.924999952316284180e-01
7.009999752044677734e-01
7.095000147819519043e-01
7.179999947547912598e-01
7.264999747276306152e-01
7.350000143051147461e-01
7.434999942779541016e-01
7.519999742507934570e-01
7.605000138282775879e-01
7.689999938011169434e-01
7.774999737739562988e-01
7.860000133514404297e-01
7.944999933242797852e-01
8.029999732971191406e-01
8.115000128746032715e-01
8.199999928474426270e-01
8.284999728202819824e-01
8.370000123977661133e-01
8.454999923706054688e-01
8.539999723434448242e-01
8.625000119209289551e-01
8.709999918937683105e-01
8.794999718666076660e-01
8.880000114440917969e-01
8.964999914169311523e-01
9.049999713897705078e-01
9.135000109672546387e-01
9.219999909400939941e-01
9.304999709129333496e-01
9.390000104904174805e-01
9.474999904632568359e-01
9.559999704360961914e-01
9.645000100135803223e-01
9.729999899864196777e-01
9.815000295639038086e-01
9.900000095367431641e-01
9.984999895095825195e-01
7.000000216066837311e-03
1.549999974668025970e-02
2.400000020861625671e-02
3.249999880790710449e-02
4.100000113248825073e-02
4.949999973177909851e-02
5.799999833106994629e-02
6.650000065565109253e-02
7.500000298023223877e-02
8.349999785423278809e-02
9.200000017881393433e-02
1.005000025033950806e-01
1.089999973773956299e-01
1.174999997019767761e-01
1.260000020265579224e-01
1.344999969005584717e-01
1.430000066757202148e-01
1.515000015497207642e-01
1.599999964237213135e-01
1.685000061988830566e-01
1.770000010728836060e-01
1.854999959468841553e-01
1.940000057220458984e-01
2.025000005960464478e-01
2.109999954700469971e-01
2.195000052452087402e-01
2.280000001192092896e-01
2.364999949932098389e-01
2.450000047683715820e-01
2.535000145435333252e-01
2.619999945163726807e-01
2.705000042915344238e-01
2.790000140666961670e-01
2.874999940395355225e-01
2.960000038146972656e-01
3.045000135898590088e-01
3.129999935626983643e-01
3.215000033378601074e-01
3.300000131130218506e-01
3.384999930858612061e-01
3.470000028610229492e-01
3.555000126361846924e-01
3.639999926090240479e-01
3.725000023841857910e-01
3.810000121593475342e-01
3.894999921321868896e-01
3.980000019073486328e-01
4.065000116825103760e-01
4.149999916553497314e-01
4.235000014305114746e-01
4.320000112056732178e-01
4.404999911785125732e-01
4.490000009536743164e-01
4.575000107288360596e-01
4.659999907016754150e-01
4.745000004768371582e-01
4.830000102519989014e-01
4.914999902248382568e-01
5.000000000000000000e-01
5.084999799728393555e-01
5.170000195503234863e-01
5.254999995231628418e-01
5.339999794960021973e-01
5.425000190734863281e-01
5.509999990463256836e-01
5.594999790191650391e-01
5.680000185966491699e-01
5.764999985694885254e-01
5.849999785423278809e-01
5.935000181198120117e-01
6.019999980926513672e-01
6.104999780654907227e-01
6.190000176429748535e-01
6.274999976158142090e-01
6.359999775886535645e-01
6.445000171661376953e-01
6.529999971389770508e-01
6.614999771118164062e-01
6.700000166893005371e-01
6.784999966621398926e-01
6.869999766349792480e-01
6.955000162124633789e-01
7.039999961853027344e-01
7.124999761581420898e-01
7.210000157356262207e-01
7.294999957084655762e-01
7.379999756813049316e-01
7.465000152587890625e-01
7.549999952316284180e-01
7.634999752044677734e-01
7.720000147819519043e-01
7.804999947547912598e-01
7.889999747276306152e-01
7.975000143051147461e-01
8.059999942779541016e-01
8.144999742507934570e-01
8.230000138282775879e-01
8.314999938011169434e-01
8.399999737739562988e-01
8.485000133514404297e-01
8.569999933242797852e-01
8.654999732971191406e-01
8.740000128746032715e-01
8.824999928474426270e-01
8.909999728202819824e-01
8.995000123977661133e-01
9.079999923706054688e-01
9.164999723434448242e-01
9.250000119209289551e-01
9.334999918937683105e-01
9.419999718666076660e-01
9.505000114440917969e-01
9.589999914169311523e-01
9.674999713897705078e-01
9.760000109672546387e-01
9.844999909400939941e-01
9.929999709129333496e-01
1.500000013038516045e-03
9.999999776482582092e-03
1.850000023841857910e-02
2.700000070035457611e-02
3.550000116229057312e-02
4.399999976158142090e-02
5.249999836087226868e-02
6.100000068545341492e-02
6.949999928474426270e-02
7.800000160932540894e-02
8.649999648332595825e-02
9.499999880790710449e-02
1.035000011324882507e-01
1.120000034570693970e-01
1.204999983310699463e-01
1.289999932050704956e-01
1.375000029802322388e-01
1.459999978542327881e-01
1.544999927282333374e-01
1.630000025033950806e-01
1.714999973773956299e-01
1.800000071525573730e-01
1.885000020265579224e-01
1.969999969005584717e-01
2.055000066757202148e-01
2.140000015497207642e-01
2.224999964237213135e-01
2.310000061988830566e-01
2.395000010728836060e-01
2.479999959468841553e-01
2.565000057220458984e-01
2.649999856948852539e-01
2.734999954700469971e-01
2.820000052452087402e-01
2.904999852180480957e-01
2.989999949932098389e-01
3.075000047683715820e-01
3.160000145435333252e-01
3.244999945163726807e-01
3.330000042915344238e-01
3.415000140666961670e-01
3.499999940395355225e-01
3.585000038146972656e-01
3.670000135898590088e-01
3.754999935626983643e-01
3.840000033378601074e-01
3.925000131130218506e-01
4.009999930858612061e-01
4.095000028610229492e-01
4.180000126361846924e-01
4.264999926090240479e-01
4.350000023841857910e-01
4.435000121593475342e-01
4.519999921321868896e-01
4.605000019073486328e-01
4.690000116825103760e-01
4.774999916553497314e-01
4.860000014305114746e-01
4.945000112056732178e-01
5.030000209808349609e-01
5.115000009536743164e-01
5.199999809265136719e-01
5.285000205039978027e-01
5.370000004768371582e-01
5.454999804496765137e-01
5.540000200271606445e-01
5.625000000000000000e-01
5.709999799728393555e-01
5.795000195503234863e-01
5.879999995231628418e-01
5.964999794960021973e-01
6.050000190734863281e-01
6.134999990463256836e-01
6.219999790191650391e-01
6.305000185966491699e-01
6.389999985694885254e-01
6.474999785423278809e-01
6.560000181198120117e-01
6.644999980926513672e-01
6.729999780654907227e-01
6.815000176429748535e-01
6.899999976158142090e-01
6.984999775886535645e-01
7.070000171661376953e-01
7.154999971389770508e-01
7.239999771118164062e-01
7.325000166893005371e-01
7.409999966621398926e-01
7.494999766349792480e-01
7.580000162124633789e-01
7.664999961853027344e-01
7.749999761581420898e-01
7.835000157356262207e-01
7.919999957084655762e-01
8.004999756813049316e-01
8.090000152587890625e-01
8.174999952316284180e-01
8.259999752044677734e-01
8.345000147819519043e-01
8.429999947547912598e-01
8.514999747276306152e-01
8.600000143051147461e-01
8.684999942779541016e-01
8.769999742507934570e-01
8.855000138282775879e-01
8.939999938011169434e-01
9.024999737739562988e-01
9.110000133514404297e-01
9.194999933242797852e-01
9.279999732971191406e-01
9.365000128746032715e-01
9.449999928474426270e-01
9.534999728202819824e-01
9.620000123977661133e-01
9.704999923706054688e-01
9.789999723434448242e-01
9.875000119209289551e-01
9.959999918937683105e-01
4.499999806284904480e-03
1.300000026822090149e-02
2.150000073015689850e-02
2.999999932944774628e-02
3.849999979138374329e-02
4.699999839067459106e-02
5.550000071525573730e-02
6.400000303983688354e-02
7.249999791383743286e-02
8.100000023841857910e-02
8.950000256299972534e-02
9.799999743700027466e-02
1.064999997615814209e-01
1.150000020861625671e-01
1.234999969601631165e-01
1.319999992847442627e-01
1.404999941587448120e-01
1.490000039339065552e-01
1.574999988079071045e-01
1.659999936819076538e-01
1.745000034570693970e-01
1.829999983310699463e-01
1.914999932050704956e-01
2.000000029802322388e-01
2.084999978542327881e-01
2.169999927282333374e-01
2.255000025033950806e-01
2.339999973773956299e-01
2.425000071525573730e-01
2.509999871253967285e-01
2.594999969005584717e-01
2.680000066757202148e-01
2.764999866485595703e-01
2.849999964237213135e-01
2.935000061988830566e-01
3.019999861717224121e-01
3.104999959468841553e-01
3.190000057220458984e-01
3.274999856948852539e-01
3.359999954700469971e-01
3.445000052452087402e-01
3.529999852180480957e-01
3.614999949932098389e-01
3.700000047683715820e-01
3.785000145435333252e-01
3.869999945163726807e-01
3.955000042915344238e-01
4.040000140666961670e-01
4.124999940395355225e-01
4.210000038146972656e-01
4.295000135898590088e-01
4.379999935626983643e-01
4.465000033378601074e-01
4.550000131130218506e-01
4.634999930858612061e-01
4.720000028610229492e-01
4.805000126361846924e-01
4.889999926090240479e-01
4.975000023841857910e-01
5.059999823570251465e-01
5.145000219345092773e-01
5.230000019073486328e-01
5.314999818801879883e-01
5.400000214576721191e-01
5.485000014305114746e-01
5.569999814033508301e-01
5.655000209808349609e-01
5.740000009536743164e-01
5.824999809265136719e-01
5.910000205039978027e-01
5.995000004768371582e-01
6.079999804496765137e-01
6.165000200271606445e-01
6.250000000000000000e-01
6.334999799728393555e-01
6.420000195503234863e-01
6.504999995231628418e-01
6.589999794960021973e-01
6.675000190734863281e-01
6.759999990463256836e-01
6.844999790191650391e-01
6.930000185966491699e-01
7.014999985694885254e-01
7.099999785423278809e-01
7.185000181198120117e-01
7.269999980926513672e-01
7.354999780654907227e-01
7.440000176429748535e-01
7.524999976158142090e-01
7.609999775886535645e-01
7.695000171661376953e-01
7.779999971389770508e-01
7.864999771118164062e-01
7.950000166893005371e-01
8.034999966621398926e-01
8.119999766349792480e-01
8.205000162124633789e-01
8.289999961853027344e-01
8.374999761581420898e-01
8.460000157356262207e-01
8.544999957084655762e-01
8.629999756813049316e-01
8.715000152587890625e-01
8.799999952316284180e-01
8.884999752044677734e-01
8.970000147819519043e-01
9.054999947547912598e-01
9.139999747276306152e-01
9.225000143051147461e-01
9.309999942779541016e-01
9.394999742507934570e-01
9.480000138282775879e-01
9.564999938011169434e-01
9.649999737739562988e-01
9.735000133514404297e-01
9.819999933242797852e-01
9.904999732971191406e-01
9.990000128746032715e-01
4.285714123398065567e-03
9.142857044935226440e-03
1.400000043213367462e-02
1.885714195668697357e-02
2.371428534388542175e-02
2.857142873108386993e-02
3.342857211828231812e-02
3.828571364283561707e-02
4.314285889267921448e-02
4.800000041723251343e-02
5.285714194178581238e-02
5.771428719162940979e-02
6.257142871618270874e-02
6.742857396602630615e-02
7.228571176528930664e-02
7.714285701513290405e-02
8.200000226497650146e-02
8.685714006423950195e-02
9.171428531408309937e-02
9.657143056392669678e-02
1.014285683631896973e-01
1.062857136130332947e-01
1.111428588628768921e-01
1.159999966621398926e-01
1.208571419119834900e-01
1.257142871618270874e-01
1.305714249610900879e-01
1.354285776615142822e-01
1.402857154607772827e-01
1.451428532600402832e-01
1.500000059604644775e-01
1.548571437597274780e-01
1.597142815589904785e-01
1.645714342594146729e-01
1.694285720586776733e-01
1.742857098579406738e-01
1.791428625583648682e-01
1.840000003576278687e-01
1.888571381568908691e-01
1.937142908573150635e-01
1.985714286565780640e-01
2.034285664558410645e-01
2.082857191562652588e-01
2.131428569555282593e-01
2.179999947547912598e-01
2.228571474552154541e-01
2.277142852544784546e-01
2.325714230537414551e-01
2.374285757541656494e-01
2.422857135534286499e-01
2.471428513526916504e-01
2.520000040531158447e-01
2.568571567535400391e-01
2.617142796516418457e-01
2.665714323520660400e-01
2.714285850524902344e-01
2.762857079505920410e-01
2.811428606510162354e-01
2.860000133514404297e-01
2.908571362495422363e-01
2.957142889499664307e-01
3.005714416503906250e-01
3.054285645484924316e-01
3.102857172489166260e-01
3.151428699493408203e-01
3.199999928474426270e-01
3.248571455478668213e-01
3.297142982482910156e-01
3.345714211463928223e-01
3.394285738468170166e-01
3.442857265472412109e-01
3.491428494453430176e-01
3.540000021457672119e-01
3.588571548461914062e-01
3.637142777442932129e-01
3.685714304447174072e-01
3.734285831451416016e-01
3.782857060432434082e-01
3.831428587436676025e-01
3.880000114440917969e-01
3.928571343421936035e-01
3.977142870426177979e-01
4.025714397430419922e-01
4.074285626411437988e-01
4.122857153415679932e-01
4.171428680419921875e-01
4.219999909400939941e-01
4.268571436405181885e-01
4.317142963409423828e-01
4.365714192390441895e-01
4.414285719394683838e-01
4.462857246398925781e-01
4.511428475379943848e-01
4.560000002384185791e-01
4.608571529388427734e-01
4.657142758369445801e-01
4.705714285373687744e-01
4.754285812377929688e-01
4.802857041358947754e-01
4.851428568363189697e-01
4.900000095367431641e-01
4.948571324348449707e-01
4.997142851352691650e-01
5.045714378356933594e-01
5.094285607337951660e-01
5.142857432365417480e-01
5.191428661346435547e-01
5.239999890327453613e-01
5.288571715354919434e-01
5.337142944335937500e-01
5.385714173316955566e-01
5.434285998344421387e-01
5.482857227325439453e-01
5.531428456306457520e-01
5.580000281333923340e-01
5.628571510314941406e-01
5.677142739295959473e-01
5.725714564323425293e-01
5.774285793304443359e-01
5.822857022285461426e-01
5.871428847312927246e-01
5.920000076293945312e-01
5.968571305274963379e-01
6.017143130302429199e-01
6.065714359283447266e-01
6.114285588264465332e-01
6.162857413291931152e-01
6.211428642272949219e-01
6.259999871253967285e-01
6.308571696281433105e-01
6.357142925262451172e-01
6.405714154243469238e-01
6.454285979270935059e-01
6.502857208251953125e-01
6.551428437232971191e-01
6.600000262260437012e-01
6.648571491241455078e-01
6.697142720222473145e-01
6.745714545249938965e-01
6.794285774230957031e-01
6.842857003211975098e-01
6.891428828239440918e-01
6.940000057220458984e-01
6.988571286201477051e-01
7.037143111228942871e-01
7.085714340209960938e-01
7.134285569190979004e-01
7.182857394218444824e-01
7.231428623199462891e-01
7.279999852180480957e-01
7.328571677207946777e-01
7.377142906188964844e-01
7.425714135169982910e-01
7.474285960197448730e-01
7.522857189178466797e-01
7.571428418159484863e-01
7.620000243186950684e-01
7.668571472167968750e-01
7.717142701148986816e-01
7.765714526176452637e-01
7.814285755157470703e-01
7.862856984138488770e-01
7.911428809165954590e-01
7.960000038146972656e-01
8.008571267127990723e-01
8.057143092155456543e-01
8.105714321136474609e-01
8.154285550117492676e-01
8.202857375144958496e-01
8.251428604125976562e-01
8.299999833106994629e-01
8.348571658134460449e-01
8.397142887115478516e-01
8.445714116096496582e-01
8.494285941123962402e-01
8.542857170104980469e-01
8.591428399085998535e-01
8.640000224113464355e-01
8.688571453094482422e-01
8.737142682075500488e-01
8.785714507102966309e-01
8.834285736083984375e-01
8.882856965065002441e-01
8.931428790092468262e-01
8.980000019073486328e-01
9.028571248054504395e-01
9.077143073081970215e-01
9.125714302062988281e-01
9.174285531044006348e-01
9.222857356071472168e-01
9.271428585052490234e-01
9.319999814033508301e-01
9.368571639060974121e-01
9.417142868041992188e-01
9.465714097023010254e-01
9.514285922050476074e-01
9.562857151031494141e-01
9.611428380012512207e-01
9.660000205039978027e-01
9.708571434020996094e-01
9.757142663002014160e-01
9.805714488029479980e-01
9.854285717010498047e-01
9.902856945991516113e-01
9.951428771018981934e-01
1.000000000000000000e+00
